%YAML:1.0
---
camera_matrix: !!opencv-matrix
   rows: 3
   cols: 3
   dt: d
   data: [ 1.4057499573097282e+03, 0., 9.8118807321023030e+02, 0.,
       1.4048952791953623e+03, 5.9964224215644265e+02, 0., 0., 1. ]
distortion_coefficients: !!opencv-matrix
   rows: 5
   cols: 1
   dt: d
   data: [ -1.3141433434447827e-01, 1.1821838509217836e-01,
       -5.9053982481623957e-04, -2.4699553824324679e-03,
       -3.1434859306166345e-02 ]
reprojection_error: 1.2996221988671222e-01
rvecs: !!opencv-matrix
   rows: 109
   cols: 3
   dt: d
   data: [ 3.5968675551425244e-02, 2.3316887213244548e-02,
       3.1324571479363192e+00, 3.6490498773926197e-02,
       -9.9869824909392127e-02, -3.0475709944210401e+00,
       7.1596235338917436e-01, 7.7237467774522228e-01,
       2.8716564763689822e+00, -8.4124329246041796e-01,
       5.6826168192931059e-01, 2.5955482100836034e+00,
       5.1702099281355079e-02, -1.2226453707107900e+00,
       -2.8719198033173794e+00, -9.1785609317121575e-01,
       -1.3996447008555454e-01, -2.6185742478014844e+00,
       -3.8010430295860675e-01, -5.7895884246628082e-01,
       2.7747185945666573e+00, -6.2822044265538585e-02,
       8.7389894786257277e-02, 3.1345259643236250e+00,
       3.0376483973937541e-02, 7.1262876059025440e-02,
       3.1093692929349919e+00, 1.8744205446625438e-02,
       1.4014269309515477e-02, 3.1379117023766843e+00,
       -4.8878701992551926e-02, 8.0137205282506882e-03,
       -3.1383558328983403e+00, -5.3510980395620349e-02,
       2.7950564236112859e-02, -3.1295988358362483e+00,
       -2.5516102687022760e-02, -1.3636797521995656e-01,
       -3.0623881830591708e+00, 8.7277378396900557e-02,
       1.3684457413113037e-02, 3.1159497414623498e+00,
       7.0716089459441037e-02, 3.0682501274804201e-02,
       3.0904059895598830e+00, 6.9546654100777650e-02,
       1.2430670893521293e-02, 3.0892412566140091e+00,
       6.3570665571836124e-03, 1.6068228843337487e-02,
       3.1241553916459153e+00, -7.2208844133122368e-02,
       5.9066073924504914e-02, 3.0918525676180284e+00,
       6.2922100594073618e-02, 6.7188560929749605e-02,
       3.1264870875349899e+00, -5.8265989008112105e-02,
       -2.1858715633094369e-02, -3.0954952639621185e+00,
       -6.8044527807417043e-02, -1.0398989828943543e-02,
       -3.0434101431102394e+00, -7.6217369924696160e-02,
       -5.5136811188183305e-03, -3.1012748717493572e+00,
       -1.6739193873890702e-02, 5.8070407211781175e-03,
       -3.1357329391367963e+00, 1.5331111658938978e-02,
       -2.3480261748164274e-03, 3.1330674420342204e+00,
       6.2104356319399529e-04, -9.7573765708948886e-03,
       3.1230077099229678e+00, 1.8534166380043890e-02,
       -1.7949273045636246e-02, 3.0932746064789209e+00,
       5.2306771541409107e-02, 2.2590433197355778e-02,
       3.1264954252339292e+00, 3.0717498602124043e-03,
       1.0704052799374440e-02, 3.0859385673663260e+00,
       7.3538072793692781e-03, 1.7911757119582119e-02,
       3.1005947404312213e+00, 3.0546204185667686e-02,
       2.5102679169961440e-02, 3.0690501618002584e+00,
       4.0311476493634965e-02, 7.0227107354602830e-02,
       3.0301691170003506e+00, 4.2435188243321639e-02,
       8.7115013768813948e-02, 3.0258577013500507e+00,
       2.1415492762143561e-02, 7.7499949378694657e-02,
       3.1247649146827809e+00, -2.5523602133434267e-02,
       -8.6075899472077652e-02, -3.1301153923199312e+00,
       2.6547384797121980e-02, 9.4212910127946595e-02,
       3.1345884335983234e+00, 1.8613440364976405e-02,
       9.7189433274280049e-02, 3.1314674532569122e+00,
       3.8706892832567341e-02, 1.2409162537570391e-01,
       3.1262678769882819e+00, -6.9199443328777935e-02,
       -4.5130566397050195e-02, -3.1322678477087846e+00,
       1.9795655409126433e-02, 1.2104830901177853e-01,
       3.1180034644670021e+00, 2.8858541668110277e-02,
       1.1388907773937264e-01, 3.1074179228827865e+00,
       3.4237416882620546e-02, 8.5181181347559004e-02,
       3.0862198445773448e+00, 2.6184343706191146e-02,
       8.6412539004865882e-02, 3.0811831434236776e+00,
       -8.9033230208849269e-03, 4.5460478235490591e-02,
       3.0777286960547880e+00, 2.1868815184199275e-03,
       1.6721084561394069e-03, 3.0710998900815842e+00,
       1.3783617133690538e-02, -6.5877860678681130e-03,
       3.0615385857430129e+00, 6.6037572309225676e-02,
       3.8249725022309146e-02, 3.0652893801548333e+00,
       4.4967904043468648e-02, -3.5419314219538155e-03,
       3.0717829798091962e+00, 4.5372593816964492e-02,
       -1.6993636277624243e-02, 3.0676805580342816e+00,
       -4.8237474303149876e-02, -4.7541487674302385e-02,
       -3.1241970329967153e+00, 2.5130834614773008e-02,
       -1.1351183197039200e-02, 3.0826880360701239e+00,
       1.0496810306762439e-02, 6.8155252421304218e-03,
       3.0964004810664636e+00, 1.3248272593122093e-02,
       5.6143130634781482e-03, 3.1006725755593343e+00,
       5.2762615808073978e-03, 2.7909085140593150e-03,
       3.0991622407871979e+00, 5.9302822887577124e-03,
       -9.2620960504606359e-04, 3.1286770454062887e+00,
       -1.3200019875121930e-03, 1.6978464066869758e-02,
       3.1392945012406197e+00, -9.3465038319710519e-03,
       -2.6711429926502294e-03, -3.1302811412388736e+00,
       -1.5987409751967153e-02, -7.3120254056061110e-03,
       -3.1357041145966518e+00, -1.8103026676869700e-02,
       -4.3788784990226532e-03, -3.1385624082677230e+00,
       2.7866814729136050e-02, -1.6594404092432020e-02,
       3.1227014870627112e+00, -3.0875378621398532e-02,
       -2.5461607460778798e-02, -3.1113804612695457e+00,
       -4.7202609501612799e-03, -2.7379136592196190e-02,
       3.1365628756157986e+00, 1.7952326196332257e-02,
       1.5729633089962520e-02, -3.1382110932608360e+00,
       6.8376488119308618e-02, -1.9143803836073330e-02,
       3.1112157251794743e+00, 1.1468473894966437e-01,
       1.1023817616008534e-02, 3.1259687790461217e+00,
       1.1489739192212979e-01, 3.0605497222915976e-02,
       3.1243995693214548e+00, -1.3029161958333021e-01,
       -3.4911849392776265e-02, -3.1361929008062606e+00,
       -1.3955499891435139e-01, -2.9170988210468641e-02,
       -3.1284572592099025e+00, -1.9266200927597449e-01,
       -4.8449843107860029e-03, -3.1099583185148649e+00,
       1.3386915128297647e-01, -4.2903817847129114e-02,
       3.1144728467265725e+00, 1.1797493341814190e-01,
       -3.5864807957141379e-02, 3.1311472177601596e+00,
       -1.6833864787221244e-02, -4.6457260907940444e-03,
       -3.1000104321521542e+00, 8.4908673757166125e-02,
       -4.5197270921915847e-02, 3.1358346695642840e+00,
       7.2009420779643771e-02, -4.3680393310576354e-02,
       3.1283562679335000e+00, 6.9759441685364534e-02,
       -3.9986677128510978e-02, 3.1339822088239817e+00,
       6.7608647756469784e-02, -3.1741561597123193e-02,
       3.1216335475463395e+00, 3.6157628707462454e-02,
       -2.9753197395616438e-02, 3.1115087801251704e+00,
       3.2644931524761431e-02, -3.0866418435359890e-02,
       3.1055324866602927e+00, -5.9928379023871624e-03,
       -5.0239094056913330e-03, -3.1239251763895557e+00,
       2.9925820453411925e-02, 3.3455061925232878e-02,
       3.1322895271962499e+00, 5.0628438827592499e-02,
       3.0325232558189041e-02, 3.1346632942497825e+00,
       3.7095752439427372e-02, -6.5869976308702925e-03,
       3.1338477383017316e+00, -3.2522416630885405e-02,
       4.7755709625974904e-02, -3.0980356999285950e+00,
       2.6035202350205160e-02, -1.7299094726131534e-03,
       3.0917043016469385e+00, 1.9521489909117330e-02,
       1.4845948825417678e-02, 3.0417205334933390e+00,
       3.2151571580564420e-02, 5.0010813543037450e-02,
       3.0485881737018037e+00, 4.9880579842731788e-02,
       4.9880423134174304e-02, 3.0550819473813506e+00,
       6.6334861657787264e-02, 5.4128548205612879e-02,
       3.0415467919287864e+00, 7.0262490360063004e-02,
