%YAML:1.0
---
camera_matrix: !!opencv-matrix
   rows: 3
   cols: 3
   dt: d
   data: [ 1.3983204002534794e+03, 0., 9.5017606615261934e+02, 0.,
       1.3976046682303358e+03, 6.1823689807995254e+02, 0., 0., 1. ]
distortion_coefficients: !!opencv-matrix
   rows: 1
   cols: 5
   dt: d
   data: [ -1.3364299338587463e-01, 1.0515853005960132e-01,
       4.9421246633190316e-04, -2.0023566259940433e-03,
       -8.3766571834111307e-04 ]
reprojection_error: 1.3127441250363303e-01
rvecs: !!opencv-matrix
   rows: 109
   cols: 3
   dt: d
   data: [ 5.8644534711057933e-02, 1.8074639552288278e-02,
       3.1374661945956404e+00, 7.7047229001574085e-03,
       -8.9859310959947217e-02, -3.0442452850830395e+00,
       7.5215589040596409e-01, 7.6903451132382972e-01,
       2.8740681197575264e+00, -8.0806790947529317e-01,
       5.5934793038783148e-01, 2.6150310725059067e+00,
       1.9246445193962059e-02, -1.2069208159412717e+00,
       -2.8661314768191333e+00, -9.4351065307053483e-01,
       -1.2452525918299674e-01, -2.6045431777068679e+00,
       -3.5155739014171511e-01, -5.8079951663473472e-01,
       2.7767084425741122e+00, -2.7396424372677704e-02,
       7.6050073961840700e-02, 3.1396706363016400e+00,
       6.3369587234783781e-02, 6.5771762716502355e-02,
       3.1135796603757360e+00, 5.1517006375334441e-02,
       -2.5027245401695766e-04, 3.1410981735776642e+00,
       -7.8875162678117117e-02, 2.0397342627936691e-02,
       -3.1347319968999563e+00, -8.6200954362974647e-02,
       3.7985675670666248e-02, -3.1260700568872415e+00,
       -5.5649022998654360e-02, -1.2730131088017943e-01,
       -3.0583966987085440e+00, 1.1712048618880194e-01,
       5.8805982430585610e-03, 3.1193908332936076e+00,
       9.8630059231486447e-02, 2.4751135581958988e-02,
       3.0942815098162049e+00, 9.5989720275023255e-02,
       4.5632410558295927e-03, 3.0935221015293326e+00,
       2.8078611361526690e-02, 8.5639784781244271e-03,
       3.1291037080855357e+00, -5.1188116131586171e-02,
       5.3111876450525654e-02, 3.0969791028680369e+00,
       9.5755468337112570e-02, 6.0411536629280158e-02,
       3.1290928680591783e+00, -9.1504217068484828e-02,
       -1.3654940634301952e-02, -3.0921346990167695e+00,
       -1.0012370607978917e-01, -1.6818480031168901e-03,
       -3.0401398207035455e+00, -1.0928463731244813e-01,
       2.4247503582107504e-03, -3.0979576951654888e+00,
       -5.1631424226769126e-02, 1.5184833004585863e-02,
       -3.1331439018956213e+00, 4.9681070231939600e-02,
       -1.2231896992144191e-02, 3.1348897622005021e+00,
       3.5243928975024194e-02, -2.0038504803491831e-02,
       3.1249795657313753e+00, 5.2768253770477044e-02,
       -2.5579748650773653e-02, 3.0953141841646667e+00,
       7.4951019078197706e-02, 1.8242233897564592e-02,
       3.1311314065516189e+00, 3.4537589525282401e-02,
       3.4324736308289899e-03, 3.0887083926425665e+00,
       3.9121019484277042e-02, 6.2431912017569266e-03,
       3.1034394894815440e+00, 6.1088816029251258e-02,
       1.4693666653379732e-02, 3.0721319265197322e+00,
       6.8852942112471185e-02, 6.0397385463288919e-02,
       3.0341667288360226e+00, 6.9196494243079498e-02,
       8.1190252324481349e-02, 3.0303560932579550e+00,
       4.9381149427890569e-02, 7.0043752540619633e-02,
       3.1292724822492088e+00, -5.2104621539942164e-02,
       -7.9462210364469849e-02, -3.1252078487899833e+00,
       5.0001144437898930e-02, 8.8324737196299782e-02,
       3.1396570556799368e+00, 4.1771562467797993e-02,
       9.2286270964016065e-02, 3.1365410214580511e+00,
       6.2150807704945125e-02, 1.2211982667401512e-01,
       3.1314134096299919e+00, -9.2046213090818008e-02,
       -4.1274805610560829e-02, -3.1265951830064842e+00,
       4.4160953513790652e-02, 1.1732566075964349e-01,
       3.1232020451238229e+00, 5.2503188655672987e-02,
       1.1254280677410788e-01, 3.1125376935429672e+00,
       5.6701136040886134e-02, 8.2287691654836972e-02,
       3.0913735152923119e+00, 4.7361787544206814e-02,
       8.2928833286282394e-02, 3.0864507444893583e+00,
       1.1589072335463489e-02, 4.1448614375896260e-02,
       3.0829694638107701e+00, 2.3408195809262403e-02,
       -2.9194705762877406e-03, 3.0759072432265149e+00,
       3.6302929856272190e-02, -1.1681872871312357e-02,
       3.0663890189577145e+00, 8.8902019058331047e-02,
       3.2603833028170874e-02, 3.0701592432603309e+00,
       6.7811730870540737e-02, -9.8189760107839988e-03,
       3.0764045017357691e+00, 6.8099942082338841e-02,
       -2.4995698104949223e-02, 3.0721779892473116e+00,
       -7.0913314069639702e-02, -4.4043703934462997e-02,
       -3.1186952234530962e+00, 4.7706234249009973e-02,
       -1.9231252521349076e-02, 3.0871655411181345e+00,
       3.4532095505972603e-02, -8.4131184073709124e-04,
       3.1010105529294600e+00, 3.8104487427972539e-02,
       -1.5736152205355644e-03, 3.1050902939157972e+00,
       2.9868481162273072e-02, -4.3703625978081737e-03,
       3.1035612267130350e+00, 3.4373268707368454e-02,
       -1.0040499343802854e-02, 3.1327996174577599e+00,
       -2.5914654388396224e-02, -5.5547981408426150e-03,
       -3.1394118202919818e+00, -3.9712454411905955e-02,
       5.7694896488411484e-03, -3.1261625820471508e+00,
       -4.8390152549922787e-02, 2.1194362105784700e-04,
       -3.1315672047096283e+00, -4.8131195971524925e-02,
       8.5381023062758177e-03, -3.1346050896807629e+00,
       5.9933515789617274e-02, -2.6292076319130758e-02,
       3.1255913183327277e+00, -5.5300999613047887e-02,
       -2.0997437708340075e-02, -3.1064206248174009e+00,
       2.9008197761142281e-02, -3.5749448447651190e-02,
       3.1395736584284348e+00, -1.5655274932249514e-02,
       2.5783039749709132e-02, -3.1352122561542966e+00,
       1.0046847662482407e-01, -2.3852985772345823e-02,
       3.1136881921471438e+00, 1.4757632031940698e-01,
       3.3531142117982264e-03, 3.1279432890006502e+00,
       1.4768618499454850e-01, 2.1315382966661044e-02,
       3.1263879049998433e+00, -1.6104852299893649e-01,
       -2.5457089814606780e-02, -3.1317995040880615e+00,
       -1.7343700233589976e-01, -2.0471981085057486e-02,
       -3.1237700563508390e+00, -2.2583149192461335e-01,
       2.3420752294831221e-03, -3.1048041442251058e+00,
       1.6620804236463896e-01, -5.2905168823640179e-02,
       3.1149246303196976e+00, 1.5365525910943123e-01,
       -4.5261520815986424e-02, 3.1319244434603206e+00,
       -4.1374942292465598e-02, 1.6654005690242184e-03,
       -3.0953125433096518e+00, 1.2157518542443518e-01,
       -5.6969449615991714e-02, 3.1367586421073153e+00,
       1.0537846156672392e-01, -5.3774761327015107e-02,
       3.1297564026694120e+00, 1.0333658823463199e-01,
       -5.0882800957735577e-02, 3.1355450608289694e+00,
       1.0100911276688211e-01, -4.2987989525559316e-02,
       3.1234135003249777e+00, 6.6785673775128090e-02,
       -3.5729293863076002e-02, 3.1141847834498573e+00,
       6.2530205879090098e-02, -3.9054859528173953e-02,
       3.1082284174464956e+00, -3.9912495247086947e-02,
       1.2356339419333797e-03, -3.1198425321338750e+00,
       6.2687870863409378e-02, 2.5843567336048957e-02,
       3.1362183287382299e+00, 8.0975372985082866e-02,
       2.1121806005870828e-02, 3.1384279128053727e+00,
       6.7004792470605493e-02, -1.6702336798516085e-02,
       3.1376927869288278e+00, -6.0682371487144109e-02,
       5.5526190944727279e-02, -3.0938743771306845e+00,
       5.2979798536699062e-02, -1.0821974753379652e-02,
       3.0957100853480339e+00, 4.3629552010395929e-02,
       6.6715323975325494e-03, 3.0460009166332327e+00,
       5.6051907551140721e-02, 4.2350595864445964e-02,
       3.0534728371956086e+00, 7.3249838734611938e-02,
       4.1819393226737354e-02, 3.0601239045744264e+00,
       8.9832364793820854e-02, 4.7328031135331156e-02,
       3.0463995384470608e+00, 9.4198232801494433e-02,
