%YAML:1.0
---
camera_matrix: !!opencv-matrix
   rows: 3
   cols: 3
   dt: d
   data: [ 1.4057499573966295e+03, 0., 9.8118807279455484e+02, 0.,
       1.4048952792791802e+03, 5.9964224220381618e+02, 0., 0., 1. ]
distortion_coefficients: !!opencv-matrix
   rows: 1
   cols: 5
   dt: d
   data: [ -1.3141433441837327e-01, 1.1821838572907338e-01,
       -5.9053983915045892e-04, -2.4699554242860067e-03,
       -3.1434860382081722e-02 ]
reprojection_error: 1.2996221988671319e-01
rvecs: !!opencv-matrix
   rows: 109
   cols: 3
   dt: d
   data: [ 3.5968675971185964e-02, 2.3316887296320782e-02,
       3.1324571478892440e+00, 3.6490498369956895e-02,
       -9.9869824928607173e-02, -3.0475709944535447e+00,
       7.1596235368500638e-01, 7.7237467764405687e-01,
       2.8716564763770864e+00, -8.4124329206608051e-01,
       5.6826168188290416e-01, 2.5955482102489000e+00,
       5.1702098880811988e-02, -1.2226453705935163e+00,
       -2.8719198032786615e+00, -9.1785609352329811e-01,
       -1.3996446986641162e-01, -2.6185742477027323e+00,
       -3.8010430256640659e-01, -5.7895884249717600e-01,
       2.7747185945872874e+00, -6.2822043971687128e-02,
       8.7389894839287427e-02, 3.1345259643320551e+00,
       3.0376484348969061e-02, 7.1262876103608847e-02,
       3.1093692929384464e+00, 1.8744205824934933e-02,
       1.4014269355653239e-02, 3.1379117023798648e+00,
       -4.8878702401800388e-02, 8.0137204625841015e-03,
       -3.1383558328846455e+00, -5.3510980811504190e-02,
       2.7950564149030358e-02, -3.1295988358211284e+00,
       -2.5516103072745475e-02, -1.3636797523291264e-01,
       -3.0623881830771498e+00, 8.7277378779676409e-02,
       1.3684457444859396e-02, 3.1159497414531288e+00,
       7.0716089880078367e-02, 3.0682501322362606e-02,
       3.0904059895501010e+00, 6.9546654550200357e-02,
       1.2430670953184461e-02, 3.0892412566007166e+00,
       6.3570670179097467e-03, 1.6068228911672630e-02,
       3.1241553916345328e+00, -7.2208843661397459e-02,
       5.9066074012511807e-02, 3.0918525676374227e+00,
       6.2922100974431044e-02, 6.7188560950505336e-02,
       3.1264870875042070e+00, -5.8265989353756494e-02,
       -2.1858715636223863e-02, -3.0954952639827664e+00,
       -6.8044528151396888e-02, -1.0398989850240030e-02,
       -3.0434101431288627e+00, -7.6217370255445130e-02,
       -5.5136811580889043e-03, -3.1012748717576577e+00,
       -1.6739194218743890e-02, 5.8070407014612201e-03,
       -3.1357329391549191e+00, 1.5331112019265344e-02,
       -2.3480261520486202e-03, 3.1330674420127007e+00,
       6.2104394431985880e-04, -9.7573765409427766e-03,
       3.1230077099025308e+00, 1.8534166781000890e-02,
       -1.7949273004685230e-02, 3.0932746064556000e+00,
       5.2306772005179407e-02, 2.2590433248694232e-02,
       3.1264954251841117e+00, 3.0717502772552086e-03,
       1.0704052853897117e-02, 3.0859385673465694e+00,
       7.3538077063491046e-03, 1.7911757172923919e-02,
       3.1005947404107523e+00, 3.0546204615527008e-02,
       2.5102679240506871e-02, 3.0690501617780743e+00,
       4.0311476907685523e-02, 7.0227107443010930e-02,
       3.0301691169807885e+00, 4.2435188664912998e-02,
       8.7115013876521707e-02, 3.0258577013270984e+00,
       2.1415493194722322e-02, 7.7499949463626205e-02,
       3.1247649146591758e+00, -2.5523602583516349e-02,
       -8.6075899546985815e-02, -3.1301153923357345e+00,
       2.6547385253513744e-02, 9.4212910207732412e-02,
       3.1345884335705971e+00, 1.8613440819177107e-02,
       9.7189433341885012e-02, 3.1314674532305555e+00,
       3.8706893305756961e-02, 1.2409162544525322e-01,
       3.1262678769592895e+00, -6.9199443809446606e-02,
       -4.5130566435409941e-02, -3.1322678477388988e+00,
       1.9795655884057153e-02, 1.2104830907702768e-01,
       3.1180034644395813e+00, 2.8858542143138748e-02,
       1.1388907780552096e-01, 3.1074179228535188e+00,
       3.4237417353424282e-02, 8.5181181413295101e-02,
       3.0862198445453637e+00, 2.6184344175953583e-02,
       8.6412539073323580e-02, 3.0811831433927575e+00,
       -8.9033225658517283e-03, 4.5460478311049227e-02,
       3.0777286960244146e+00, 2.1868819590509739e-03,
       1.6721085308707957e-03, 3.0710998900465425e+00,
       1.3783617561786572e-02, -6.5877859884283987e-03,
       3.0615385857068658e+00, 6.6037572749058762e-02,
       3.8249725097664986e-02, 3.0652893801310048e+00,
       4.4967904491734774e-02, -3.5419313499182184e-03,
       3.0717829797878862e+00, 4.5372594266108505e-02,
       -1.6993636207746972e-02, 3.0676805580125541e+00,
       -4.8237474782155849e-02, -4.7541487712501378e-02,
       -3.1241970330307187e+00, 2.5130835062335231e-02,
       -1.1351183129036203e-02, 3.0826880360523861e+00,
       1.0496810752427397e-02, 6.8155253082467920e-03,
       3.0964004810522376e+00, 1.3248273033422315e-02,
       5.6143131253625139e-03, 3.1006725755458993e+00,
       5.2762620108541677e-03, 2.7909085740271023e-03,
       3.0991622407768129e+00, 5.9302826948290800e-03,
       -9.2620956903424463e-04, 3.1286770453972377e+00,
       -1.3200016040618343e-03, 1.6978464087051302e-02,
       3.1392945012357369e+00, -9.3465042035577768e-03,
       -2.6711430173531206e-03, -3.1302811412438762e+00,
       -1.5987410128740016e-02, -7.3120254318914720e-03,
       -3.1357041146009350e+00, -1.8103027063923732e-02,
       -4.3788785198383799e-03, -3.1385624082715511e+00,
       2.7866815127355879e-02, -1.6594404051641823e-02,
       3.1227014870522427e+00, -3.0875379094443722e-02,
       -2.5461607497647649e-02, -3.1113804613065850e+00,
       -4.7202605220215722e-03, -2.7379136548812525e-02,
       3.1365628756063719e+00, 1.7952325767300333e-02,
       1.5729633042687593e-02, -3.1382110932722833e+00,
       6.8376488554181145e-02, -1.9143803773755349e-02,
       3.1112157251650858e+00, 1.1468473936942736e-01,
       1.1023817696562492e-02, 3.1259687790292023e+00,
       1.1489739232562651e-01, 3.0605497307946348e-02,
       3.1243995693072431e+00, -1.3029161995894040e-01,
       -3.4911849486782068e-02, -3.1361929007849918e+00,
       -1.3955499926015524e-01, -2.9170988288108133e-02,
       -3.1284572591888153e+00, -1.9266200957266053e-01,
       -4.8449843872745441e-03, -3.1099583184915196e+00,
       1.3386915156956791e-01, -4.2903817698551325e-02,
       3.1144728467404716e+00, 1.1797493371888083e-01,
       -3.5864807820581247e-02, 3.1311472177733064e+00,
       -1.6833865250906577e-02, -4.6457261213343672e-03,
       -3.1000104321937139e+00, 8.4908674102601833e-02,
       -4.5197270789099152e-02, 3.1358346695774868e+00,
       7.2009421143230876e-02, -4.3680393185603676e-02,
       3.1283562679467849e+00, 6.9759442060761664e-02,
       -3.9986677014587295e-02, 3.1339822088354410e+00,
       6.7608648142420277e-02, -3.1741561479694674e-02,
       3.1216335475584471e+00, 3.6157629113120884e-02,
       -2.9753197295838200e-02, 3.1115087801404617e+00,
       3.2644931927136904e-02, -3.0866418339896760e-02,
       3.1055324866745222e+00, -5.9928383107275820e-03,
       -5.0239094596168255e-03, -3.1239251763708897e+00,
       2.9925820864097622e-02, 3.3455061975475799e-02,
       3.1322895272117566e+00, 5.0628439241191155e-02,
       3.0325232602798541e-02, 3.1346632942621073e+00,
       3.7095752858807153e-02, -6.5869975794898891e-03,
       3.1338477383103225e+00, -3.2522417092389420e-02,
       4.7755709607443068e-02, -3.0980356999706760e+00,
       2.6035202782824670e-02, -1.7299094053417120e-03,
       3.0917043016570869e+00, 1.9521490347052896e-02,
       1.4845948909158673e-02, 3.0417205335036237e+00,
       3.2151572035995654e-02, 5.0010813629226818e-02,
       3.0485881737124245e+00, 4.9880580297614663e-02,
       4.9880423218965457e-02, 3.0550819473876825e+00,
       6.6334862105080689e-02, 5.4128548290646478e-02,
       3.0415467919317094e+00, 7.0262490792719665e-02,
