%YAML:1.0
---
rotation: !!opencv-matrix
   rows: 3
   cols: 3
   dt: d
   data: [ 9.9946789607490383e-01, -4.1699140174007287e-03,
       3.2350216887878466e-02, 4.2544403773228517e-03,
       9.9998771265786490e-01, -2.5444587572244905e-03,
       -3.2339209215456979e-02, 2.6807369096754565e-03,
       9.9947335592147735e-01 ]
translation: !!opencv-matrix
   rows: 3
   cols: 1
   dt: d
   data: [ -1.1630463106493123e-01, -3.9496259065453900e-03,
       5.0967614061321175e-04 ]
essential_matrix: !!opencv-matrix
   rows: 3
   cols: 3
   dt: d
   data: [ 1.2555939176257737e-04, -5.2025778599518050e-04,
       -3.9462490095299963e-03, -3.2517948567970844e-03,
       3.0965681157887014e-04, 1.1625986805336753e-01,
       3.4527131766255749e-03, -1.1631967159056864e-01,
       4.2370359172165474e-04 ]
fundamental_matrix: !!opencv-matrix
   rows: 3
   cols: 3
   dt: d
   data: [ -3.0105604645995472e-08, 1.2481904778251107e-07,
       1.2848121560880079e-03, 7.8008807993968280e-07,
       -7.4330193857977318e-08, -3.9927371614039954e-02,
       -1.6112918113848911e-03, 3.8950486921551425e-02, 1. ]
reprojection_error: 6.6548128519381555e-01
