%YAML:1.0
---
image_points: !!opencv-matrix
   rows: 54
   cols: 2
   dt: f
   data: [ 1.30362305e+03, 6.73055664e+02, 1.26197583e+03,
       6.72405945e+02, 1.22044055e+03, 6.71729187e+02, 1.17880579e+03,
       6.71166382e+02, 1.13725842e+03, 6.70487366e+02, 1.09559937e+03,
       6.69790588e+02, 1.05411279e+03, 6.69216980e+02, 1.01241608e+03,
       6.68489563e+02, 9.70845703e+02, 6.67796082e+02, 1.30447021e+03,
       6.31532715e+02, 1.26278223e+03, 6.30852661e+02, 1.22121533e+03,
       6.30284973e+02, 1.17959363e+03, 6.29618103e+02, 1.13792456e+03,
       6.29009033e+02, 1.09631067e+03, 6.28411804e+02, 1.05469788e+03,
       6.27734253e+02, 1.01303918e+03, 6.27203491e+02, 9.71453735e+02,
       6.26509155e+02, 1.30522156e+03, 5.89687988e+02, 1.26355652e+03,
       5.89147278e+02, 1.22193640e+03, 5.88495422e+02, 1.18031384e+03,
       5.87842590e+02, 1.13861194e+03, 5.87302307e+02, 1.09694946e+03,
       5.86659607e+02, 1.05540015e+03, 5.86124084e+02, 1.01364117e+03,
       5.85522339e+02, 9.72079590e+02, 5.84967651e+02, 1.30584058e+03,
       5.48083557e+02, 1.26423779e+03, 5.47435425e+02, 1.22262280e+03,
       5.46712097e+02, 1.18091931e+03, 5.46190613e+02, 1.13931641e+03,
       5.45569824e+02, 1.09758191e+03, 5.45039551e+02, 1.05593225e+03,
       5.44472900e+02, 1.01428894e+03, 5.43919861e+02, 9.72593323e+02,
       5.43415405e+02, 1.30644006e+03, 5.06433899e+02, 1.26476526e+03,
       5.05739990e+02, 1.22325586e+03, 5.05187531e+02, 1.18158179e+03,
       5.04504913e+02, 1.13984241e+03, 5.03968353e+02, 1.09818811e+03,
       5.03413788e+02, 1.05658252e+03, 5.02906006e+02, 1.01479382e+03,
       5.02395447e+02, 9.73197815e+02, 5.01912506e+02, 1.30691357e+03,
       4.64586365e+02, 1.26535706e+03, 4.63974731e+02, 1.22375403e+03,
       4.63356110e+02, 1.18215173e+03, 4.62706757e+02, 1.14047400e+03,
       4.62229095e+02, 1.09873242e+03, 4.61621796e+02, 1.05714929e+03,
       4.61205872e+02, 1.01541724e+03, 4.60656891e+02, 9.73692932e+02,
       4.60298767e+02 ]
