%YAML:1.0
---
image_points: !!opencv-matrix
   rows: 54
   cols: 2
   dt: f
   data: [ 7.84763611e+02, 1.12135889e+03, 7.46493286e+02,
       1.11885144e+03, 7.08435791e+02, 1.11637598e+03, 6.70503784e+02,
       1.11376965e+03, 6.32722961e+02, 1.11121350e+03, 5.95282288e+02,
       1.10849304e+03, 5.57834534e+02, 1.10574451e+03, 5.20529419e+02,
       1.10305066e+03, 4.83449524e+02, 1.10033118e+03, 7.86366150e+02,
       1.08387048e+03, 7.47877258e+02, 1.08148621e+03, 7.09738953e+02,
       1.07898462e+03, 6.71752563e+02, 1.07651892e+03, 6.34046631e+02,
       1.07387439e+03, 5.96424927e+02, 1.07131372e+03, 5.59042114e+02,
       1.06858020e+03, 5.21619080e+02, 1.06588684e+03, 4.84509796e+02,
       1.06319702e+03, 7.87767029e+02, 1.04608411e+03, 7.49434082e+02,
       1.04364856e+03, 7.11227844e+02, 1.04132300e+03, 6.73149658e+02,
       1.03877393e+03, 6.35330200e+02, 1.03630066e+03, 5.97570007e+02,
       1.03369922e+03, 5.60217773e+02, 1.03114465e+03, 5.22718628e+02,
       1.02847021e+03, 4.85583405e+02, 1.02573792e+03, 7.89417175e+02,
       1.00818695e+03, 7.50808777e+02, 1.00580847e+03, 7.12547729e+02,
       1.00349298e+03, 6.74451416e+02, 1.00109448e+03, 6.36529175e+02,
       9.98618774e+02, 5.98737305e+02, 9.96158569e+02, 5.61336182e+02,
       9.93560913e+02, 5.23810059e+02, 9.90973694e+02, 4.86573975e+02,
       9.88406128e+02, 7.90927856e+02, 9.70174744e+02, 7.52385010e+02,
       9.67844360e+02, 7.13983398e+02, 9.65597229e+02, 6.75716797e+02,
       9.63291016e+02, 6.37778870e+02, 9.60823853e+02, 5.99973145e+02,
       9.58457275e+02, 5.62437561e+02, 9.55983887e+02, 5.24869202e+02,
       9.53483582e+02, 4.87578156e+02, 9.50937134e+02, 7.92490967e+02,
       9.31737976e+02, 7.53812927e+02, 9.29584351e+02, 7.15455688e+02,
       9.27392090e+02, 6.77213989e+02, 9.25130310e+02, 6.39143616e+02,
       9.22765137e+02, 6.01272278e+02, 9.20490234e+02, 5.63567017e+02,
       9.18118835e+02, 5.25988770e+02, 9.15615784e+02, 4.88582794e+02,
       9.13285706e+02 ]
