%YAML:1.0
---
image_points: !!opencv-matrix
   rows: 54
   cols: 2
   dt: f
   data: [ 1.43976404e+03, 1.11184241e+03, 1.40172070e+03,
       1.11018176e+03, 1.36370496e+03, 1.10836646e+03, 1.32570093e+03,
       1.10653113e+03, 1.28765674e+03, 1.10461951e+03, 1.24961108e+03,
       1.10268457e+03, 1.21157129e+03, 1.10075073e+03, 1.17338452e+03,
       1.09869629e+03, 1.13523303e+03, 1.09665515e+03, 1.44234131e+03,
       1.07443042e+03, 1.40426758e+03, 1.07263440e+03, 1.36625427e+03,
       1.07084546e+03, 1.32827014e+03, 1.06915088e+03, 1.29016150e+03,
       1.06730676e+03, 1.25197876e+03, 1.06542810e+03, 1.21383972e+03,
       1.06344092e+03, 1.17561743e+03, 1.06147498e+03, 1.13741150e+03,
       1.05938354e+03, 1.44474194e+03, 1.03656628e+03, 1.40667993e+03,
       1.03480542e+03, 1.36868408e+03, 1.03321887e+03, 1.33060889e+03,
       1.03143250e+03, 1.29251819e+03, 1.02957849e+03, 1.25439270e+03,
       1.02772107e+03, 1.21627551e+03, 1.02576270e+03, 1.17786890e+03,
       1.02378149e+03, 1.13960364e+03, 1.02173749e+03, 1.44723560e+03,
       9.98690979e+02, 1.40918579e+03, 9.97136292e+02, 1.37116699e+03,
       9.95386108e+02, 1.33306409e+03, 9.93617432e+02, 1.29486279e+03,
       9.91806458e+02, 1.25669934e+03, 9.89984070e+02, 1.21852136e+03,
       9.88161560e+02, 1.18022424e+03, 9.86197510e+02, 1.14178210e+03,
       9.84176636e+02, 1.44954541e+03, 9.60800842e+02, 1.41150745e+03,
       9.59270874e+02, 1.37352161e+03, 9.57538513e+02, 1.33543689e+03,
       9.55771790e+02, 1.29730444e+03, 9.54093201e+02, 1.25902515e+03,
       9.52281433e+02, 1.22082202e+03, 9.50455017e+02, 1.18245569e+03,
       9.48461853e+02, 1.14404761e+03, 9.46513306e+02, 1.45184033e+03,
       9.22641907e+02, 1.41381506e+03, 9.21102234e+02, 1.37583081e+03,
       9.19454956e+02, 1.33772876e+03, 9.17697388e+02, 1.29958301e+03,
       9.16020874e+02, 1.26139844e+03, 9.14279846e+02, 1.22312366e+03,
       9.12428040e+02, 1.18467041e+03, 9.10510071e+02, 1.14627368e+03,
       9.08554199e+02 ]
