%YAML:1.0
---
image_points: !!opencv-matrix
   rows: 54
   cols: 2
   dt: f
   data: [ 5.92203613e+02, 7.13727356e+02, 5.50315979e+02,
       7.15434692e+02, 5.08955963e+02, 7.17066589e+02, 4.68023041e+02,
       7.18597290e+02, 4.27462982e+02, 7.20296021e+02, 3.87352783e+02,
       7.21730042e+02, 3.47569092e+02, 7.23409485e+02, 3.07977722e+02,
       7.24880981e+02, 2.68688202e+02, 7.26482605e+02, 5.90223145e+02,
       6.70568665e+02, 5.48349060e+02, 6.72416260e+02, 5.06962646e+02,
       6.74227356e+02, 4.66034821e+02, 6.75952881e+02, 4.25528961e+02,
       6.77658264e+02, 3.85388763e+02, 6.79523315e+02, 3.45638367e+02,
       6.81319946e+02, 3.06128662e+02, 6.82994690e+02, 2.66907928e+02,
       6.84643372e+02, 5.88311768e+02, 6.27183838e+02, 5.46455383e+02,
       6.29194763e+02, 5.05104431e+02, 6.31144470e+02, 4.64121490e+02,
       6.33144348e+02, 4.23654083e+02, 6.35062866e+02, 3.83542633e+02,
       6.36999634e+02, 3.43797943e+02, 6.38850891e+02, 3.04302399e+02,
       6.40772278e+02, 2.65089142e+02, 6.42670837e+02, 5.86485352e+02,
       5.83803711e+02, 5.44618469e+02, 5.86013550e+02, 5.03294342e+02,
       5.88228821e+02, 4.62367096e+02, 5.90376282e+02, 4.21854431e+02,
       5.92484436e+02, 3.81686798e+02, 5.94543762e+02, 3.41950531e+02,
       5.96610779e+02, 3.02413177e+02, 5.98694336e+02, 2.63152405e+02,
       6.00774536e+02, 5.84720276e+02, 5.40701538e+02, 5.42884521e+02,
       5.43085022e+02, 5.01553619e+02, 5.45391479e+02, 4.60601074e+02,
       5.47592468e+02, 4.20132874e+02, 5.49958069e+02, 3.79912109e+02,
       5.52343262e+02, 3.40161713e+02, 5.54538452e+02, 3.00565765e+02,
       5.56729858e+02, 2.61295929e+02, 5.59093567e+02, 5.83076660e+02,
       4.97480682e+02, 5.41294922e+02, 4.99941925e+02, 4.99930237e+02,
       5.02469482e+02, 4.58932709e+02, 5.04894806e+02, 4.18429810e+02,
       5.07445648e+02, 3.78240112e+02, 5.09787567e+02, 3.38470154e+02,
       5.12387146e+02, 2.98741394e+02, 5.14673157e+02, 2.59450562e+02,
       5.17213623e+02 ]
