%YAML:1.0
---
image_points: !!opencv-matrix
   rows: 54
   cols: 2
   dt: f
   data: [ 7.73349060e+02, 7.82640686e+02, 7.31964050e+02,
       7.82705444e+02, 6.90914429e+02, 7.82741577e+02, 6.50129333e+02,
       7.82755859e+02, 6.09507996e+02, 7.82730957e+02, 5.69224976e+02,
       7.82708313e+02, 5.29173645e+02, 7.82673157e+02, 4.89182556e+02,
       7.82606689e+02, 4.49452545e+02, 7.82567871e+02, 7.72789429e+02,
       7.41354126e+02, 7.31431824e+02, 7.41461365e+02, 6.90388123e+02,
       7.41544983e+02, 6.49502258e+02, 7.41656982e+02, 6.08905334e+02,
       7.41733276e+02, 5.68530151e+02, 7.41802185e+02, 5.28503357e+02,
       7.41850342e+02, 4.88497894e+02, 7.41936646e+02, 4.48776978e+02,
       7.41955078e+02, 7.72384338e+02, 6.99626648e+02, 7.30973389e+02,
       6.99843384e+02, 6.89833618e+02, 7.00126526e+02, 6.48968384e+02,
       7.00350769e+02, 6.08389282e+02, 7.00486084e+02, 5.67987183e+02,
       7.00641907e+02, 5.27915588e+02, 7.00752686e+02, 4.87924316e+02,
       7.00952576e+02, 4.48279358e+02, 7.01153259e+02, 7.71976746e+02,
       6.58079346e+02, 7.30522827e+02, 6.58389221e+02, 6.89430420e+02,
       6.58613098e+02, 6.48519226e+02, 6.58921204e+02, 6.07891357e+02,
       6.59309143e+02, 5.67469604e+02, 6.59499939e+02, 5.27370178e+02,
       6.59701172e+02, 4.87401825e+02, 6.60015259e+02, 4.47603638e+02,
       6.60323914e+02, 7.71580627e+02, 6.16512146e+02, 7.30180603e+02,
       6.16856506e+02, 6.89016724e+02, 6.17299500e+02, 6.48130554e+02,
       6.17589294e+02, 6.07441101e+02, 6.17984558e+02, 5.66995422e+02,
       6.18402222e+02, 5.26825012e+02, 6.18677429e+02, 4.86807007e+02,
       6.19131165e+02, 4.47131012e+02, 6.19463989e+02, 7.71256104e+02,
       5.74709595e+02, 7.29812073e+02, 5.75252869e+02, 6.88673584e+02,
       5.75625122e+02, 6.47707397e+02, 5.76153687e+02, 6.07054321e+02,
       5.76560669e+02, 5.66571594e+02, 5.77084167e+02, 5.26433228e+02,
       5.77516907e+02, 4.86379578e+02, 5.77968445e+02, 4.46560944e+02,
       5.78470642e+02 ]
