%YAML:1.0
---
image_points: !!opencv-matrix
   rows: 54
   cols: 2
   dt: f
   data: [ 4.34788513e+02, 5.34857239e+02, 3.96267517e+02,
       5.39114380e+02, 3.58177979e+02, 5.43244507e+02, 3.20292206e+02,
       5.47367126e+02, 2.82724792e+02, 5.51399902e+02, 2.45491684e+02,
       5.55465393e+02, 2.08514679e+02, 5.59467712e+02, 1.71543732e+02,
       5.63463135e+02, 1.34722107e+02, 5.67402954e+02, 4.31933899e+02,
       4.94574707e+02, 3.93422882e+02, 4.98878693e+02, 3.55345947e+02,
       5.03243042e+02, 3.17512360e+02, 5.07448456e+02, 2.80071655e+02,
       5.11658539e+02, 2.42782516e+02, 5.15856384e+02, 2.05901550e+02,
       5.20074036e+02, 1.69022614e+02, 5.24210999e+02, 1.32376633e+02,
       5.28328430e+02, 4.29231354e+02, 4.54273773e+02, 3.90707062e+02,
       4.58672241e+02, 3.52626068e+02, 4.63162628e+02, 3.14806976e+02,
       4.67544891e+02, 2.77440033e+02, 4.71917145e+02, 2.40334290e+02,
       4.76322998e+02, 2.03421295e+02, 4.80551819e+02, 1.66578415e+02,
       4.84819153e+02, 1.29983948e+02, 4.89077087e+02, 4.26496674e+02,
       4.14260803e+02, 3.88109131e+02, 4.18750641e+02, 3.50075745e+02,
       4.23387512e+02, 3.12334442e+02, 4.27869904e+02, 2.74924988e+02,
       4.32441193e+02, 2.37719711e+02, 4.36837189e+02, 2.00862183e+02,
       4.41352417e+02, 1.64131424e+02, 4.45652222e+02, 1.27521111e+02,
       4.50084290e+02, 4.23934418e+02, 3.74461090e+02, 3.85532928e+02,
       3.79205658e+02, 3.47501740e+02, 3.83768219e+02, 3.09750824e+02,
       3.88460693e+02, 2.72420776e+02, 3.93099579e+02, 2.35269775e+02,
       3.97658417e+02, 1.98419922e+02, 4.02265808e+02, 1.61594193e+02,
       4.06708496e+02, 1.25059669e+02, 4.11236298e+02, 4.21390808e+02,
       3.34659363e+02, 3.83088989e+02, 3.39529755e+02, 3.45101776e+02,
       3.44363495e+02, 3.07360596e+02, 3.49074615e+02, 2.69908783e+02,
       3.53743073e+02, 2.32763840e+02, 3.58487305e+02, 1.95967926e+02,
       3.63194763e+02, 1.59140488e+02, 3.67722626e+02, 1.22501099e+02,
       3.72364014e+02 ]
