%YAML:1.0
---
image_points: !!opencv-matrix
   rows: 54
   cols: 2
   dt: f
   data: [ 4.84966492e+02, 9.73078186e+02, 4.46225677e+02,
       9.74746033e+02, 4.07734467e+02, 9.76519836e+02, 3.69483093e+02,
       9.78324341e+02, 3.31466949e+02, 9.79929382e+02, 2.93609375e+02,
       9.81620361e+02, 2.55931503e+02, 9.83417847e+02, 2.18216263e+02,
       9.85232849e+02, 1.80554306e+02, 9.86981079e+02, 4.81813293e+02,
       9.33679016e+02, 4.43097626e+02, 9.35548035e+02, 4.04594818e+02,
       9.37409241e+02, 3.66368561e+02, 9.39243225e+02, 3.28361450e+02,
       9.40965454e+02, 2.90505768e+02, 9.42719238e+02, 2.52839264e+02,
       9.44527283e+02, 2.15192780e+02, 9.46414673e+02, 1.77616516e+02,
       9.48279663e+02, 4.78722046e+02, 8.94110657e+02, 4.40027313e+02,
       8.95999695e+02, 4.01497375e+02, 8.97872253e+02, 3.63262329e+02,
       8.99747620e+02, 3.25272675e+02, 9.01631409e+02, 2.87434540e+02,
       9.03574341e+02, 2.49782745e+02, 9.05440491e+02, 2.12182495e+02,
       9.07395508e+02, 1.74679916e+02, 9.09291931e+02, 4.75722839e+02,
       8.54444153e+02, 4.36954987e+02, 8.56452759e+02, 3.98465118e+02,
       8.58451965e+02, 3.60232269e+02, 8.60445190e+02, 3.22225708e+02,
       8.62447205e+02, 2.84358582e+02, 8.64404175e+02, 2.46662888e+02,
       8.66404297e+02, 2.09128143e+02, 8.68344543e+02, 1.71591354e+02,
       8.70373047e+02, 4.72826782e+02, 8.14639709e+02, 4.34014984e+02,
       8.16762878e+02, 3.95496246e+02, 8.18904541e+02, 3.57187012e+02,
       8.21047791e+02, 3.19179596e+02, 8.23172546e+02, 2.81295288e+02,
       8.25273010e+02, 2.43631393e+02, 8.27328125e+02, 2.05993744e+02,
       8.29384338e+02, 1.68504395e+02, 8.31428223e+02, 4.69915558e+02,
       7.74638062e+02, 4.31150421e+02, 7.76909363e+02, 3.92548096e+02,
       7.79268616e+02, 3.54258392e+02, 7.81423950e+02, 3.16182434e+02,
       7.83569885e+02, 2.78305695e+02, 7.85722168e+02, 2.40635559e+02,
       7.87945068e+02, 2.02938446e+02, 7.90190796e+02, 1.65431488e+02,
       7.92366821e+02 ]
