%YAML:1.0
---
image_points: !!opencv-matrix
   rows: 54
   cols: 2
   dt: f
   data: [ 6.58655884e+02, 9.78051880e+02, 6.19610291e+02,
       9.78377197e+02, 5.80961914e+02, 9.78555298e+02, 5.42480103e+02,
       9.78699097e+02, 5.04314423e+02, 9.78818604e+02, 4.66324951e+02,
       9.78992920e+02, 4.28574402e+02, 9.79169739e+02, 3.90867645e+02,
       9.79268311e+02, 3.53445831e+02, 9.79343628e+02, 6.57880798e+02,
       9.38472473e+02, 6.18855957e+02, 9.38744202e+02, 5.80291016e+02,
       9.39099915e+02, 5.41761780e+02, 9.39411255e+02, 5.03619293e+02,
       9.39582458e+02, 4.65675385e+02, 9.39763855e+02, 4.28147858e+02,
       9.39979187e+02, 3.90512054e+02, 9.40233521e+02, 3.53221130e+02,
       9.40364868e+02, 6.57194031e+02, 8.98566711e+02, 6.18258789e+02,
       8.99021423e+02, 5.79527527e+02, 8.99447205e+02, 5.41207275e+02,
       8.99730896e+02, 5.03100861e+02, 9.00173401e+02, 4.65256653e+02,
       9.00476196e+02, 4.27626617e+02, 9.00661743e+02, 3.90188995e+02,
       9.00984375e+02, 3.52933777e+02, 9.01308838e+02, 6.56446045e+02,
       8.58793762e+02, 6.17503723e+02, 8.59400452e+02, 5.78925354e+02,
       8.59814575e+02, 5.40562805e+02, 8.60384827e+02, 5.02558960e+02,
       8.60735596e+02, 4.64657593e+02, 8.61279968e+02, 4.27231323e+02,
       8.61561707e+02, 3.89755371e+02, 8.61942444e+02, 3.52564331e+02,
       8.62365234e+02, 6.55746216e+02, 8.19263245e+02, 6.16869690e+02,
       8.19794373e+02, 5.78354492e+02, 8.20474365e+02, 5.40067200e+02,
       8.21036011e+02, 5.02075928e+02, 8.21547729e+02, 4.64287445e+02,
       8.22154968e+02, 4.26736816e+02, 8.22578552e+02, 3.89424896e+02,
       8.23139954e+02, 3.52321930e+02, 8.23522217e+02, 6.55180847e+02,
       7.79494873e+02, 6.16381348e+02, 7.80283936e+02, 5.77810608e+02,
       7.80888123e+02, 5.39546387e+02, 7.81573364e+02, 5.01545959e+02,
       7.82357910e+02, 4.63805511e+02, 7.82847961e+02, 4.26433929e+02,
       7.83522583e+02, 3.89097229e+02, 7.84185181e+02, 3.51984436e+02,
       7.84633911e+02 ]
