%YAML:1.0
---
image_points: !!opencv-matrix
   rows: 54
   cols: 2
   dt: f
   data: [ 9.05424255e+02, 7.19104797e+02, 8.62304626e+02,
       7.19686035e+02, 8.19515076e+02, 7.20313232e+02, 7.77079590e+02,
       7.20811951e+02, 7.34926758e+02, 7.21380432e+02, 6.93187744e+02,
       7.21819885e+02, 6.51763306e+02, 7.22383362e+02, 6.10565979e+02,
       7.22760864e+02, 5.69781433e+02, 7.23313293e+02, 9.04531433e+02,
       6.75867737e+02, 8.61446716e+02, 6.76592224e+02, 8.18651306e+02,
       6.77328308e+02, 7.76234558e+02, 6.78013062e+02, 7.34114136e+02,
       6.78673767e+02, 6.92318787e+02, 6.79386719e+02, 6.50933655e+02,
       6.79987427e+02, 6.09735352e+02, 6.80611877e+02, 5.69045349e+02,
       6.81279602e+02, 9.03684875e+02, 6.32429443e+02, 8.60598999e+02,
       6.33319946e+02, 8.17834351e+02, 6.34140198e+02, 7.75384155e+02,
       6.34957214e+02, 7.33320679e+02, 6.35732361e+02, 6.91508606e+02,
       6.36601196e+02, 6.50182617e+02, 6.37433044e+02, 6.08965454e+02,
       6.38268616e+02, 5.68262634e+02, 6.39018127e+02, 9.02880615e+02,
       5.89182495e+02, 8.59775635e+02, 5.90144287e+02, 8.17093140e+02,
       5.91069763e+02, 7.74586731e+02, 5.92041077e+02, 7.32507690e+02,
       5.93036743e+02, 6.90691650e+02, 5.93957214e+02, 6.49356384e+02,
       5.94921875e+02, 6.08224854e+02, 5.95858582e+02, 5.67378479e+02,
       5.96784546e+02, 9.02136230e+02, 5.45998474e+02, 8.59001038e+02,
       5.47094055e+02, 8.16290833e+02, 5.48163879e+02, 7.73828796e+02,
       5.49247192e+02, 7.31721008e+02, 5.50328796e+02, 6.89933105e+02,
       5.51439575e+02, 6.48563904e+02, 5.52553223e+02, 6.07403381e+02,
       5.53617188e+02, 5.66545227e+02, 5.54726074e+02, 9.01284912e+02,
       5.02691437e+02, 8.58287903e+02, 5.03860443e+02, 8.15543518e+02,
       5.05128265e+02, 7.73150146e+02, 5.06319244e+02, 7.31039185e+02,
       5.07544830e+02, 6.89275330e+02, 5.08739716e+02, 6.47832092e+02,
       5.10105865e+02, 6.06629517e+02, 5.11352783e+02, 5.65784851e+02,
       5.12568359e+02 ]
