%YAML:1.0
---
image_points: !!opencv-matrix
   rows: 54
   cols: 2
   dt: f
   data: [ 1.48970325e+03, 3.96620300e+02, 1.44692041e+03,
       3.95850647e+02, 1.40399817e+03, 3.95250000e+02, 1.36086194e+03,
       3.94470154e+02, 1.31753381e+03, 3.93761017e+02, 1.27398682e+03,
       3.93174438e+02, 1.23036719e+03, 3.92535339e+02, 1.18634399e+03,
       3.91957123e+02, 1.14223853e+03, 3.91425934e+02, 1.48590857e+03,
       3.56271698e+02, 1.44343567e+03, 3.55438324e+02, 1.40079224e+03,
       3.54581299e+02, 1.35804797e+03, 3.53823486e+02, 1.31508081e+03,
       3.53185303e+02, 1.27183813e+03, 3.52464783e+02, 1.22855408e+03,
       3.51801941e+02, 1.18492859e+03, 3.51263458e+02, 1.14117859e+03,
       3.50693390e+02, 1.48207617e+03, 3.16352844e+02, 1.43988635e+03,
       3.15460205e+02, 1.39763416e+03, 3.14561279e+02, 1.35521777e+03,
       3.13701050e+02, 1.31253296e+03, 3.13034515e+02, 1.26968652e+03,
       3.12298889e+02, 1.22678320e+03, 3.11570496e+02, 1.18350891e+03,
       3.11010742e+02, 1.14019531e+03, 3.10440735e+02, 1.47819165e+03,
       2.77241638e+02, 1.43638428e+03, 2.76292114e+02, 1.39448279e+03,
       2.75323212e+02, 1.35237329e+03, 2.74433929e+02, 1.31010376e+03,
       2.73594696e+02, 1.26758826e+03, 2.72766663e+02, 1.22502759e+03,
       2.72116302e+02, 1.18216077e+03, 2.71418579e+02, 1.13914600e+03,
       2.70768738e+02, 1.47431921e+03, 2.38773026e+02, 1.43279175e+03,
       2.37766846e+02, 1.39131934e+03, 2.36725845e+02, 1.34951941e+03,
       2.35715302e+02, 1.30760547e+03, 2.34859329e+02, 1.26547900e+03,
       2.34084686e+02, 1.22333105e+03, 2.33298141e+02, 1.18074780e+03,
       2.32531067e+02, 1.13814954e+03, 2.31837021e+02, 1.47044373e+03,
       2.00838623e+02, 1.42932581e+03, 1.99789612e+02, 1.38811206e+03,
       1.98713974e+02, 1.34667334e+03, 1.97645309e+02, 1.30516785e+03,
       1.96682571e+02, 1.26339929e+03, 1.95791916e+02, 1.22154358e+03,
       1.95016876e+02, 1.17938916e+03, 1.94252548e+02, 1.13713416e+03,
       1.93470734e+02 ]
