%YAML:1.0
---
image_points: !!opencv-matrix
   rows: 54
   cols: 2
   dt: f
   data: [ 8.23642700e+02, 3.54846558e+02, 7.77429016e+02,
       3.68891296e+02, 7.30739685e+02, 3.83173309e+02, 6.83711548e+02,
       3.97646332e+02, 6.36359009e+02, 4.12358124e+02, 5.88557800e+02,
       4.27277222e+02, 5.40538757e+02, 4.42361359e+02, 4.92029175e+02,
       4.57637360e+02, 4.43330139e+02, 4.73127930e+02, 8.11071350e+02,
       3.08507477e+02, 7.64144836e+02, 3.22408875e+02, 7.16783081e+02,
       3.36528412e+02, 6.69165039e+02, 3.50987335e+02, 6.21036987e+02,
       3.65616150e+02, 5.72516541e+02, 3.80541748e+02, 5.23777466e+02,
       3.95563721e+02, 4.74565979e+02, 4.10873840e+02, 4.25096710e+02,
       4.26362579e+02, 7.98161865e+02, 2.60730835e+02, 7.50539001e+02,
       2.74530212e+02, 7.02597595e+02, 2.88600739e+02, 6.54165527e+02,
       3.02945801e+02, 6.05362183e+02, 3.17514679e+02, 5.56194641e+02,
       3.32414886e+02, 5.06650299e+02, 3.47439819e+02, 4.56645020e+02,
       3.62677124e+02, 4.06412994e+02, 3.78189941e+02, 7.85007690e+02,
       2.12105621e+02, 7.36702515e+02, 2.25750473e+02, 6.88100952e+02,
       2.39660950e+02, 6.38910889e+02, 2.53915649e+02, 5.89420959e+02,
       2.68456909e+02, 5.39471985e+02, 2.83215240e+02, 4.89235626e+02,
       2.98232086e+02, 4.38456512e+02, 3.13445129e+02, 3.87343445e+02,
       3.28874023e+02, 7.71583984e+02, 1.62423019e+02, 7.22623535e+02,
       1.75871552e+02, 6.73343750e+02, 1.89689865e+02, 6.23477539e+02,
       2.03797760e+02, 5.73249268e+02, 2.18251099e+02, 5.22452881e+02,
       2.32914154e+02, 4.71456879e+02, 2.47847260e+02, 4.19775726e+02,
       2.63077301e+02, 3.67855255e+02, 2.78497803e+02, 7.57852783e+02,
       1.11370537e+02, 7.08269226e+02, 1.24673065e+02, 6.58232483e+02,
       1.38357956e+02, 6.07582214e+02, 1.52355667e+02, 5.56543518e+02,
       1.66647995e+02, 5.05053680e+02, 1.81252258e+02, 4.53202698e+02,
       1.96106857e+02, 4.00680481e+02, 2.11245514e+02, 3.47816193e+02,
       2.26571396e+02 ]
