%YAML:1.0
---
image_points: !!opencv-matrix
   rows: 54
   cols: 2
   dt: f
   data: [ 1.03918347e+03, 1.11749304e+03, 1.00034979e+03,
       1.11574890e+03, 9.61588501e+02, 1.11392029e+03, 9.22939697e+02,
       1.11216833e+03, 8.84267578e+02, 1.11018506e+03, 8.45593872e+02,
       1.10816357e+03, 8.07060547e+02, 1.10603845e+03, 7.68360413e+02,
       1.10381372e+03, 7.29792786e+02, 1.10161108e+03, 1.04110388e+03,
       1.07913733e+03, 1.00231812e+03, 1.07741919e+03, 9.63555542e+02,
       1.07558325e+03, 9.24835632e+02, 1.07372253e+03, 8.86205383e+02,
       1.07178357e+03, 8.47491516e+02, 1.06977075e+03, 8.08924072e+02,
       1.06766772e+03, 7.70281006e+02, 1.06554419e+03, 7.31689575e+02,
       1.06330859e+03, 1.04302148e+03, 1.04049487e+03, 1.00424359e+03,
       1.03872913e+03, 9.65515442e+02, 1.03699988e+03, 9.26721497e+02,
       1.03519189e+03, 8.88113647e+02, 1.03325830e+03, 8.49426086e+02,
       1.03127808e+03, 8.10831238e+02, 1.02916589e+03, 7.72194275e+02,
       1.02698328e+03, 7.33628174e+02, 1.02472241e+03, 1.04491797e+03,
       1.00187604e+03, 1.00616925e+03, 1.00024030e+03, 9.67432312e+02,
       9.98421631e+02, 9.28692688e+02, 9.96577087e+02, 8.90041565e+02,
       9.94655212e+02, 8.51363220e+02, 9.92646118e+02, 8.12716248e+02,
       9.90597778e+02, 7.74114014e+02, 9.88486511e+02, 7.35501221e+02,
       9.86301819e+02, 1.04678894e+03, 9.63351257e+02, 1.00805786e+03,
       9.61611084e+02, 9.69365356e+02, 9.59848938e+02, 9.30635986e+02,
       9.58039795e+02, 8.91938354e+02, 9.56176514e+02, 8.53245972e+02,
       9.54192810e+02, 8.14653931e+02, 9.52185974e+02, 7.75997192e+02,
       9.50006409e+02, 7.37409790e+02, 9.47817383e+02, 1.04868384e+03,
       9.24542114e+02, 1.00993561e+03, 9.22805359e+02, 9.71307617e+02,
       9.21123291e+02, 9.32557251e+02, 9.19332642e+02, 8.93837830e+02,
       9.17453064e+02, 8.55223877e+02, 9.15486877e+02, 8.16572693e+02,
       9.13474060e+02, 7.77918213e+02, 9.11415466e+02, 7.39347229e+02,
       9.09310547e+02 ]
