%YAML:1.0
---
image_points: !!opencv-matrix
   rows: 54
   cols: 2
   dt: f
   data: [ 1.06836426e+03, 8.01031372e+02, 1.02670337e+03,
       8.01534485e+02, 9.85307312e+02, 8.01986084e+02, 9.43888977e+02,
       8.02466675e+02, 9.02617676e+02, 8.02798035e+02, 8.61485107e+02,
       8.03214661e+02, 8.20536743e+02, 8.03514832e+02, 7.79518982e+02,
       8.03763000e+02, 7.38744934e+02, 8.04068665e+02, 1.06785254e+03,
       7.59850464e+02, 1.02624182e+03, 7.60409912e+02, 9.84672058e+02,
       7.60858459e+02, 9.43312012e+02, 7.61411255e+02, 9.01951355e+02,
       7.61809998e+02, 8.60677551e+02, 7.62288147e+02, 8.19696838e+02,
       7.62620667e+02, 7.78676147e+02, 7.62988708e+02, 7.37892639e+02,
       7.63324341e+02, 1.06738330e+03, 7.18367981e+02, 1.02564417e+03,
       7.18894531e+02, 9.84171326e+02, 7.19470886e+02, 9.42590027e+02,
       7.20004944e+02, 9.01309143e+02, 7.20476501e+02, 8.60040466e+02,
       7.20988586e+02, 8.18980103e+02, 7.21445862e+02, 7.77892334e+02,
       7.21814514e+02, 7.37106750e+02, 7.22285828e+02, 1.06679199e+03,
       6.76804749e+02, 1.02511792e+03, 6.77453918e+02, 9.83529297e+02,
       6.77998901e+02, 9.42022522e+02, 6.78570862e+02, 9.00611267e+02,
       6.79175781e+02, 8.59333618e+02, 6.79660583e+02, 8.18232483e+02,
       6.80245178e+02, 7.77164612e+02, 6.80665283e+02, 7.36255005e+02,
       6.81223389e+02, 1.06627100e+03, 6.35348145e+02, 1.02450488e+03,
       6.35934937e+02, 9.82888550e+02, 6.36570251e+02, 9.41398865e+02,
       6.37200562e+02, 8.99938660e+02, 6.37756592e+02, 8.58588623e+02,
       6.38402832e+02, 8.17479858e+02, 6.39006042e+02, 7.76366394e+02,
       6.39555298e+02, 7.35400269e+02, 6.40158813e+02, 1.06562122e+03,
       5.93574158e+02, 1.02387079e+03, 5.94287292e+02, 9.82321533e+02,
       5.94881470e+02, 9.40707153e+02, 5.95538147e+02, 8.99311035e+02,
       5.96273621e+02, 8.57914001e+02, 5.96872070e+02, 8.16727600e+02,
       5.97555542e+02, 7.75551575e+02, 5.98240295e+02, 7.34599854e+02,
       5.98836182e+02 ]
