%YAML:1.0
---
image_points: !!opencv-matrix
   rows: 54
   cols: 2
   dt: f
   data: [ 8.72601685e+02, 1.00140869e+03, 8.32658325e+02,
       1.00034180e+03, 7.93024231e+02, 9.99190247e+02, 7.53488464e+02,
       9.97944336e+02, 7.14214600e+02, 9.96662170e+02, 6.75043701e+02,
       9.95407227e+02, 6.36183838e+02, 9.94029602e+02, 5.97285767e+02,
       9.92597778e+02, 5.58589783e+02, 9.91239990e+02, 8.73301697e+02,
       9.61652344e+02, 8.33355286e+02, 9.60620972e+02, 7.93610657e+02,
       9.59551453e+02, 7.54159607e+02, 9.58449463e+02, 7.14742859e+02,
       9.57273010e+02, 6.75608765e+02, 9.55983276e+02, 6.36735413e+02,
       9.54654907e+02, 5.97892212e+02, 9.53418030e+02, 5.59357361e+02,
       9.51947754e+02, 8.73876892e+02, 9.21669739e+02, 8.33998291e+02,
       9.20689880e+02, 7.94354065e+02, 9.19676575e+02, 7.54690002e+02,
       9.18633240e+02, 7.15463806e+02, 9.17499268e+02, 6.76356812e+02,
       9.16388916e+02, 6.37474976e+02, 9.15176697e+02, 5.98622742e+02,
       9.13840698e+02, 5.60141724e+02, 9.12561768e+02, 8.74577393e+02,
       8.81750488e+02, 8.34617981e+02, 8.80843689e+02, 7.94969788e+02,
       8.79865662e+02, 7.55451538e+02, 8.78851624e+02, 7.16197632e+02,
       8.77825195e+02, 6.77007690e+02, 8.76732544e+02, 6.38187073e+02,
       8.75632385e+02, 5.99400879e+02, 8.74468140e+02, 5.60744873e+02,
       8.73308838e+02, 8.75305054e+02, 8.41842407e+02, 8.35348877e+02,
       8.41026367e+02, 7.95619080e+02, 8.40176636e+02, 7.56196777e+02,
       8.39249084e+02, 7.16802124e+02, 8.38302856e+02, 6.77669556e+02,
       8.37296936e+02, 6.38814697e+02, 8.36277161e+02, 6.00065857e+02,
       8.35170532e+02, 5.61493042e+02, 8.34032288e+02, 8.75900391e+02,
       8.01742126e+02, 8.36074341e+02, 8.00984741e+02, 7.96402466e+02,
       8.00223328e+02, 7.56837036e+02, 7.99384521e+02, 7.17540649e+02,
       7.98501160e+02, 6.78458130e+02, 7.97562195e+02, 6.39567993e+02,
       7.96605530e+02, 6.00755920e+02, 7.95608459e+02, 5.62285767e+02,
       7.94588562e+02 ]
