%YAML:1.0
---
image_points: !!opencv-matrix
   rows: 54
   cols: 2
   dt: f
   data: [ 9.78182861e+02, 8.12937012e+02, 9.36480225e+02,
       8.12428101e+02, 8.95015564e+02, 8.11780518e+02, 8.53614685e+02,
       8.11203735e+02, 8.12448547e+02, 8.10490051e+02, 7.71402954e+02,
       8.09719971e+02, 7.30561646e+02, 8.09009705e+02, 6.89720703e+02,
       8.08262634e+02, 6.49256348e+02, 8.07449646e+02, 9.78571045e+02,
       7.71673279e+02, 9.36846375e+02, 7.71166321e+02, 8.95392700e+02,
       7.70573608e+02, 8.53962463e+02, 7.70001892e+02, 8.12691711e+02,
       7.69383301e+02, 7.71591736e+02, 7.68710938e+02, 7.30756714e+02,
       7.68064270e+02, 6.89989502e+02, 7.67401428e+02, 6.49432129e+02,
       7.66606628e+02, 9.78976379e+02, 7.30085938e+02, 9.37334656e+02,
       7.29569580e+02, 8.95737427e+02, 7.29061462e+02, 8.54321106e+02,
       7.28536804e+02, 8.13077637e+02, 7.27941040e+02, 7.71910706e+02,
       7.27447449e+02, 7.31145752e+02, 7.26777283e+02, 6.90293030e+02,
       7.26263794e+02, 6.49672119e+02, 7.25581970e+02, 9.79450562e+02,
       6.88505371e+02, 9.37664917e+02, 6.88099426e+02, 8.96188416e+02,
       6.87553955e+02, 8.54661316e+02, 6.87111511e+02, 8.13435181e+02,
       6.86596924e+02, 7.72331909e+02, 6.86157166e+02, 7.31404541e+02,
       6.85601685e+02, 6.90571716e+02, 6.85114990e+02, 6.49907898e+02,
       6.84527893e+02, 9.79815674e+02, 6.46981628e+02, 9.38133484e+02,
       6.46540771e+02, 8.96522644e+02, 6.46169495e+02, 8.55115479e+02,
       6.45658569e+02, 8.13766357e+02, 6.45312500e+02, 7.72622437e+02,
       6.44821228e+02, 7.31709412e+02, 6.44460144e+02, 6.90863953e+02,
       6.43965942e+02, 6.50276733e+02, 6.43509338e+02, 9.80288635e+02,
       6.05250854e+02, 9.38522644e+02, 6.04815613e+02, 8.96962830e+02,
       6.04460754e+02, 8.55517639e+02, 6.04130798e+02, 8.14257629e+02,
       6.03724731e+02, 7.73100098e+02, 6.03422119e+02, 7.32153992e+02,
       6.03080078e+02, 6.91241943e+02, 6.02631470e+02, 6.50541870e+02,
       6.02355286e+02 ]
