%YAML:1.0
---
image_points: !!opencv-matrix
   rows: 54
   cols: 2
   dt: f
   data: [ 8.73307129e+02, 5.21188110e+02, 8.29446533e+02,
       5.21457458e+02, 7.85927917e+02, 5.21771240e+02, 7.42686035e+02,
       5.22189697e+02, 6.99800903e+02, 5.22521545e+02, 6.57242126e+02,
       5.22895325e+02, 6.14991028e+02, 5.23386841e+02, 5.72820740e+02,
       5.23717529e+02, 5.31117981e+02, 5.24292603e+02, 8.73289978e+02,
       4.77479279e+02, 8.29488098e+02, 4.77857117e+02, 7.86096436e+02,
       4.78315979e+02, 7.42844360e+02, 4.78725891e+02, 7.00017395e+02,
       4.79330231e+02, 6.57460876e+02, 4.79769958e+02, 6.15299805e+02,
       4.80396973e+02, 5.73267883e+02, 4.80979919e+02, 5.31527527e+02,
       4.81532379e+02, 8.73310791e+02, 4.33689789e+02, 8.29587463e+02,
       4.34242065e+02, 7.86237610e+02, 4.34714905e+02, 7.43099792e+02,
       4.35358429e+02, 7.00325928e+02, 4.35977234e+02, 6.57761292e+02,
       4.36605560e+02, 6.15644409e+02, 4.37376007e+02, 5.73658203e+02,
       4.38120544e+02, 5.32083557e+02, 4.38760132e+02, 8.73363708e+02,
       3.90342224e+02, 8.29663269e+02, 3.90897034e+02, 7.86423096e+02,
       3.91481567e+02, 7.43381470e+02, 3.92261719e+02, 7.00618835e+02,
       3.92971283e+02, 6.58192505e+02, 3.93686554e+02, 6.16093689e+02,
       3.94531525e+02, 5.74195740e+02, 3.95414124e+02, 5.32521057e+02,
       3.96337433e+02, 8.73392212e+02, 3.47233612e+02, 8.29712891e+02,
       3.47821106e+02, 7.86514709e+02, 3.48499207e+02, 7.43619324e+02,
       3.49318024e+02, 7.00904297e+02, 3.50181580e+02, 6.58510864e+02,
       3.51087982e+02, 6.16497925e+02, 3.51984192e+02, 5.74597046e+02,
       3.52939728e+02, 5.33085083e+02, 3.53930786e+02, 8.73450500e+02,
       3.04171997e+02, 8.30040100e+02, 3.04777344e+02, 7.86809265e+02,
       3.05624207e+02, 7.43903870e+02, 3.06428589e+02, 7.01345154e+02,
       3.07338043e+02, 6.58905518e+02, 3.08397339e+02, 6.16933350e+02,
       3.09438202e+02, 5.75155151e+02, 3.10483307e+02, 5.33557739e+02,
       3.11589539e+02 ]
