%YAML:1.0
---
image_points: !!opencv-matrix
   rows: 54
   cols: 2
   dt: f
   data: [ 6.97867981e+02, 5.26457764e+02, 6.55372498e+02,
       5.28610168e+02, 6.13278748e+02, 5.30798889e+02, 5.71440857e+02,
       5.33075806e+02, 5.29949585e+02, 5.35284912e+02, 4.88732910e+02,
       5.37459656e+02, 4.47909637e+02, 5.39592163e+02, 4.07208710e+02,
       5.41751160e+02, 3.66668610e+02, 5.44056458e+02, 6.96061951e+02,
       4.83545349e+02, 6.53565125e+02, 4.85825623e+02, 6.11497009e+02,
       4.88201202e+02, 5.69647461e+02, 4.90458069e+02, 5.28253479e+02,
       4.92740265e+02, 4.87054688e+02, 4.95197906e+02, 4.46264954e+02,
       4.97472107e+02, 4.05503021e+02, 4.99743011e+02, 3.65139709e+02,
       5.02208740e+02, 6.94322021e+02, 4.40502930e+02, 6.51865601e+02,
       4.42939453e+02, 6.09778137e+02, 4.45359650e+02, 5.67984131e+02,
       4.47723175e+02, 5.26563049e+02, 4.50276062e+02, 4.85438843e+02,
       4.52638184e+02, 4.44607086e+02, 4.55213470e+02, 4.03954773e+02,
       4.57586243e+02, 3.63584259e+02, 4.60146973e+02, 6.92613708e+02,
       3.97735168e+02, 6.50244385e+02, 4.00278137e+02, 6.08204651e+02,
       4.02691986e+02, 5.66427246e+02, 4.05339417e+02, 5.25009766e+02,
       4.07819275e+02, 4.83800690e+02, 4.10444183e+02, 4.43061462e+02,
       4.13045746e+02, 4.02413544e+02, 4.15560822e+02, 3.62031616e+02,
       4.18274475e+02, 6.91023621e+02, 3.55267181e+02, 6.48567810e+02,
       3.57746277e+02, 6.06567383e+02, 3.60370575e+02, 5.64820068e+02,
       3.62949188e+02, 5.23454590e+02, 3.65594330e+02, 4.82328033e+02,
       3.68368134e+02, 4.41504669e+02, 3.71047791e+02, 4.00848541e+02,
       3.73664764e+02, 3.60492340e+02, 3.76449158e+02, 6.89371094e+02,
       3.12638977e+02, 6.47138000e+02, 3.15278870e+02, 6.05128418e+02,
       3.17941956e+02, 5.63398010e+02, 3.20618042e+02, 5.21971069e+02,
       3.23425354e+02, 4.80799164e+02, 3.26235168e+02, 4.40095642e+02,
       3.28984436e+02, 3.99375336e+02, 3.31726440e+02, 3.58965515e+02,
       3.34571930e+02 ]
