%YAML:1.0
---
image_points: !!opencv-matrix
   rows: 54
   cols: 2
   dt: f
   data: [ 1.39059497e+03, 5.71068848e+02, 1.34764380e+03,
       5.71384338e+02, 1.30473181e+03, 5.71673157e+02, 1.26182434e+03,
       5.72081909e+02, 1.21884631e+03, 5.72432129e+02, 1.17587671e+03,
       5.72763794e+02, 1.13296606e+03, 5.73247681e+02, 1.08986804e+03,
       5.73611572e+02, 1.04690515e+03, 5.74089050e+02, 1.39042102e+03,
       5.28159180e+02, 1.34745923e+03, 5.28458374e+02, 1.30453699e+03,
       5.28722290e+02, 1.26157605e+03, 5.29177246e+02, 1.21859937e+03,
       5.29514465e+02, 1.17552490e+03, 5.29944214e+02, 1.13262000e+03,
       5.30412659e+02, 1.08953015e+03, 5.30827698e+02, 1.04650952e+03,
       5.31330261e+02, 1.39012952e+03, 4.84924530e+02, 1.34715405e+03,
       4.85300323e+02, 1.30426599e+03, 4.85596313e+02, 1.26122974e+03,
       4.85999512e+02, 1.21822388e+03, 4.86420990e+02, 1.17520374e+03,
       4.86819366e+02, 1.13225989e+03, 4.87321960e+02, 1.08915063e+03,
       4.87796234e+02, 1.04613110e+03, 4.88376068e+02, 1.38967310e+03,
       4.41865997e+02, 1.34670776e+03, 4.42256744e+02, 1.30377979e+03,
       4.42521545e+02, 1.26078125e+03, 4.42920593e+02, 1.21776672e+03,
       4.43362396e+02, 1.17472632e+03, 4.43786987e+02, 1.13172766e+03,
       4.44324280e+02, 1.08867273e+03, 4.44823853e+02, 1.04563220e+03,
       4.45413971e+02, 1.38918384e+03, 3.98955505e+02, 1.34620178e+03,
       3.99299469e+02, 1.30333472e+03, 3.99577698e+02, 1.26033606e+03,
       3.99973846e+02, 1.21734717e+03, 4.00414337e+02, 1.17425635e+03,
       4.00881042e+02, 1.13135315e+03, 4.01430756e+02, 1.08824902e+03,
       4.01979889e+02, 1.04523889e+03, 4.02596863e+02, 1.38855872e+03,
       3.55821136e+02, 1.34560645e+03, 3.56230988e+02, 1.30271411e+03,
       3.56523346e+02, 1.25971643e+03, 3.56911835e+02, 1.21674207e+03,
       3.57397919e+02, 1.17369324e+03, 3.57876648e+02, 1.13072510e+03,
       3.58446655e+02, 1.08768420e+03, 3.59099884e+02, 1.04469482e+03,
       3.59729065e+02 ]
