%YAML:1.0
---
image_points: !!opencv-matrix
   rows: 54
   cols: 2
   dt: f
   data: [ 1.21641785e+03, 9.54243591e+02, 1.17675085e+03,
       9.55823486e+02, 1.13725171e+03, 9.57473816e+02, 1.09757605e+03,
       9.59006104e+02, 1.05794653e+03, 9.60489502e+02, 1.01837701e+03,
       9.61866699e+02, 9.78718506e+02, 9.63290161e+02, 9.39039795e+02,
       9.64553162e+02, 8.99425110e+02, 9.65776978e+02, 1.21533142e+03,
       9.15096436e+02, 1.17561145e+03, 9.16705017e+02, 1.13599854e+03,
       9.18341980e+02, 1.09638623e+03, 9.19861633e+02, 1.05664246e+03,
       9.21395569e+02, 1.01692700e+03, 9.22788208e+02, 9.77368591e+02,
       9.24206116e+02, 9.37569397e+02, 9.25525635e+02, 8.97853577e+02,
       9.26716431e+02, 1.21415820e+03, 8.75590637e+02, 1.17445081e+03,
       8.77268066e+02, 1.13475964e+03, 8.78830994e+02, 1.09506226e+03,
       8.80447266e+02, 1.05537939e+03, 8.81880188e+02, 1.01558789e+03,
       8.83432983e+02, 9.75933899e+02, 8.84742859e+02, 9.36155823e+02,
       8.86131592e+02, 8.96409912e+02, 8.87402527e+02, 1.21285046e+03,
       8.36123657e+02, 1.17322595e+03, 8.37740662e+02, 1.13352795e+03,
       8.39364868e+02, 1.09373987e+03, 8.40894165e+02, 1.05401965e+03,
       8.42456360e+02, 1.01427472e+03, 8.43861389e+02, 9.74483704e+02,
       8.45352417e+02, 9.34641357e+02, 8.46655396e+02, 8.94833496e+02,
       8.47964050e+02, 1.21160474e+03, 7.96556824e+02, 1.17186060e+03,
       7.98222168e+02, 1.13224133e+03, 7.99770325e+02, 1.09246448e+03,
       8.01403503e+02, 1.05264917e+03, 8.02888367e+02, 1.01278424e+03,
       8.04392212e+02, 9.73102234e+02, 8.05809387e+02, 9.33199402e+02,
       8.07247986e+02, 8.93363892e+02, 8.08565308e+02, 1.21032190e+03,
       7.56711792e+02, 1.17056433e+03, 7.58392090e+02, 1.13085229e+03,
       7.59972656e+02, 1.09111255e+03, 7.61563354e+02, 1.05129785e+03,
       7.63153748e+02, 1.01144501e+03, 7.64626160e+02, 9.71595215e+02,
       7.66107483e+02, 9.31662842e+02, 7.67500000e+02, 8.91775940e+02,
       7.68886536e+02 ]
