%YAML:1.0
---
image_points: !!opencv-matrix
   rows: 54
   cols: 2
   dt: f
   data: [ 6.56309326e+02, 4.20507080e+02, 6.12009888e+02,
       4.21656067e+02, 5.68219910e+02, 4.22837616e+02, 5.24662781e+02,
       4.24038513e+02, 4.81582611e+02, 4.25265259e+02, 4.38823242e+02,
       4.26465881e+02, 3.96469971e+02, 4.27586334e+02, 3.54276642e+02,
       4.28754822e+02, 3.12399536e+02, 4.30005341e+02, 6.59312073e+02,
       3.79903259e+02, 6.15458374e+02, 3.81227814e+02, 5.72076294e+02,
       3.82460907e+02, 5.28940857e+02, 3.83658081e+02, 4.86292694e+02,
       3.85058716e+02, 4.43839539e+02, 3.86387726e+02, 4.01897278e+02,
       3.87626648e+02, 3.60051178e+02, 3.88941040e+02, 3.18565582e+02,
       3.90375732e+02, 6.62287231e+02, 3.40030945e+02, 6.18886719e+02,
       3.41412720e+02, 5.75858826e+02, 3.42637604e+02, 5.33236206e+02,
       3.44116455e+02, 4.90891876e+02, 3.45489380e+02, 4.48909637e+02,
       3.46823822e+02, 4.07325592e+02, 3.48331390e+02, 3.65785706e+02,
       3.49641815e+02, 3.24628876e+02, 3.51148834e+02, 6.65304321e+02,
       3.01212830e+02, 6.22308899e+02, 3.02519714e+02, 5.79706787e+02,
       3.03844940e+02, 5.37426025e+02, 3.05356720e+02, 4.95495728e+02,
       3.06738892e+02, 4.53818054e+02, 3.08279633e+02, 4.12560944e+02,
       3.09652954e+02, 3.71427155e+02, 3.11243073e+02, 3.30541229e+02,
       3.12583771e+02, 6.68252075e+02, 2.63295868e+02, 6.25634644e+02,
       2.64577057e+02, 5.83458984e+02, 2.65987000e+02, 5.41541931e+02,
       2.67411865e+02, 4.99962494e+02, 2.68842560e+02, 4.58649719e+02,
       2.70443634e+02, 4.17699310e+02, 2.71863007e+02, 3.76890320e+02,
       2.73444061e+02, 3.36363556e+02, 2.74864777e+02, 6.71143616e+02,
       2.25900848e+02, 6.28973938e+02, 2.27372818e+02, 5.87224243e+02,
       2.28696274e+02, 5.45628296e+02, 2.30213654e+02, 5.04444763e+02,
       2.31625824e+02, 4.63483215e+02, 2.33262817e+02, 4.22866089e+02,
       2.34698502e+02, 3.82351074e+02, 2.36332947e+02, 3.42094238e+02,
       2.37733978e+02 ]
