%YAML:1.0
---
image_points: !!opencv-matrix
   rows: 54
   cols: 2
   dt: f
   data: [ 1.36269666e+03, 1.06669141e+03, 1.31711853e+03,
       1.04119885e+03, 1.27345972e+03, 1.01668188e+03, 1.23149524e+03,
       9.93178345e+02, 1.19128015e+03, 9.70463257e+02, 1.15259875e+03,
       9.48615112e+02, 1.11552551e+03, 9.27625000e+02, 1.07973657e+03,
       9.07299011e+02, 1.04546582e+03, 8.87677734e+02, 1.38361987e+03,
       1.01860797e+03, 1.33749438e+03, 9.94080017e+02, 1.29332568e+03,
       9.70510071e+02, 1.25078931e+03, 9.47846252e+02, 1.21009070e+03,
       9.26092896e+02, 1.17090454e+03, 9.05119080e+02, 1.13342810e+03,
       8.84875610e+02, 1.09721765e+03, 8.65393677e+02, 1.06245557e+03,
       8.46567688e+02, 1.40457117e+03, 9.69895447e+02, 1.35792041e+03,
       9.46384155e+02, 1.31320251e+03, 9.23741516e+02, 1.27017712e+03,
       9.02013977e+02, 1.22896716e+03, 8.81168579e+02, 1.18937183e+03,
       8.61058167e+02, 1.15136646e+03, 8.41656372e+02, 1.11463232e+03,
       8.22971985e+02, 1.07949036e+03, 8.04994751e+02, 1.42541064e+03,
       9.21031189e+02, 1.37819800e+03, 8.98447815e+02, 1.33288159e+03,
       8.76766235e+02, 1.28943066e+03, 8.56005737e+02, 1.24770459e+03,
       8.36030701e+02, 1.20757373e+03, 8.16731934e+02, 1.16909705e+03,
       7.98293396e+02, 1.13197644e+03, 7.80388184e+02, 1.09633704e+03,
       7.63214966e+02, 1.44602112e+03, 8.71866821e+02, 1.39827979e+03,
       8.50341553e+02, 1.35246570e+03, 8.29635254e+02, 1.30847156e+03,
       8.09716248e+02, 1.26627734e+03, 7.90658386e+02, 1.22564490e+03,
       7.72322937e+02, 1.18667383e+03, 7.54672119e+02, 1.14915198e+03,
       7.37621399e+02, 1.11302820e+03, 7.21280273e+02, 1.46654065e+03,
       8.22274963e+02, 1.41833008e+03, 8.01690125e+02, 1.37199146e+03,
       7.82050964e+02, 1.32748975e+03, 7.63154663e+02, 1.28472717e+03,
       7.44951172e+02, 1.24367407e+03, 7.27485657e+02, 1.20432593e+03,
       7.10694214e+02, 1.16626746e+03, 6.94500793e+02, 1.12963562e+03,
       6.78924622e+02 ]
