%YAML:1.0
---
image_points: !!opencv-matrix
   rows: 54
   cols: 2
   dt: f
   data: [ 3.87344940e+02, 7.94179565e+02, 3.49378052e+02,
       7.96346802e+02, 3.11905182e+02, 7.98446533e+02, 2.74637939e+02,
       8.00526367e+02, 2.37696732e+02, 8.02585327e+02, 2.01035263e+02,
       8.04677429e+02, 1.64532181e+02, 8.06834534e+02, 1.28002319e+02,
       8.09034729e+02, 9.16282349e+01, 8.11227661e+02, 3.84693726e+02,
       7.54107239e+02, 3.46812347e+02, 7.56401611e+02, 3.09397369e+02,
       7.58574402e+02, 2.72218994e+02, 7.60876831e+02, 2.35285461e+02,
       7.63251587e+02, 1.98576218e+02, 7.65461914e+02, 1.62222336e+02,
       7.67645386e+02, 1.25731216e+02, 7.69940918e+02, 8.95317688e+01,
       7.72295593e+02, 3.82248871e+02, 7.13685547e+02, 3.44418854e+02,
       7.16323364e+02, 3.06900787e+02, 7.18629883e+02, 2.69675262e+02,
       7.21210266e+02, 2.32862000e+02, 7.23529846e+02, 1.96276993e+02,
       7.25943115e+02, 1.59872787e+02, 7.28381714e+02, 1.23538979e+02,
       7.30700562e+02, 8.73989563e+01, 7.33215576e+02, 3.79795624e+02,
       6.73572937e+02, 3.42018066e+02, 6.76328125e+02, 3.04548340e+02,
       6.78786011e+02, 2.67388031e+02, 6.81477112e+02, 2.30555405e+02,
       6.84085754e+02, 1.93896042e+02, 6.86549561e+02, 1.57558426e+02,
       6.89206726e+02, 1.21276886e+02, 6.91610168e+02, 8.50975037e+01,
       6.94267700e+02, 3.77530792e+02, 6.33580566e+02, 3.39666595e+02,
       6.36456543e+02, 3.02300049e+02, 6.39214905e+02, 2.65109009e+02,
       6.41821960e+02, 2.28268188e+02, 6.44580688e+02, 1.91599121e+02,
       6.47374695e+02, 1.55295395e+02, 6.50036011e+02, 1.18941032e+02,
       6.52653137e+02, 8.27933273e+01, 6.55387695e+02, 3.75316162e+02,
       5.93487000e+02, 3.37514404e+02, 5.96427307e+02, 3.00078094e+02,
       5.99397827e+02, 2.62822632e+02, 6.02281433e+02, 2.25979507e+02,
       6.05171265e+02, 1.89381531e+02, 6.07924927e+02, 1.53061325e+02,
       6.10759644e+02, 1.16659035e+02, 6.13581482e+02, 8.05189133e+01,
       6.16457397e+02 ]
