%YAML:1.0
---
image_points: !!opencv-matrix
   rows: 54
   cols: 2
   dt: f
   data: [ 1.00228308e+03, 3.70081940e+02, 9.55506775e+02,
       3.70524902e+02, 9.08957153e+02, 3.71295135e+02, 8.62644897e+02,
       3.71835480e+02, 8.16586121e+02, 3.72558411e+02, 7.70707397e+02,
       3.73432861e+02, 7.25138916e+02, 3.74218781e+02, 6.79634644e+02,
       3.75075989e+02, 6.34472290e+02, 3.75894104e+02, 1.00196161e+03,
       3.28069611e+02, 9.55686768e+02, 3.28618835e+02, 9.09714417e+02,
       3.29293152e+02, 8.63760742e+02, 3.29958344e+02, 8.18242004e+02,
       3.30678772e+02, 7.72667114e+02, 3.31609589e+02, 7.27589233e+02,
       3.32527893e+02, 6.82533630e+02, 3.33490692e+02, 6.37840454e+02,
       3.34492218e+02, 1.00160162e+03, 2.86664612e+02, 9.55842346e+02,
       2.87359955e+02, 9.10316162e+02, 2.88013214e+02, 8.64928955e+02,
       2.88651154e+02, 8.19714111e+02, 2.89518494e+02, 7.74719116e+02,
       2.90480682e+02, 7.30087524e+02, 2.91428192e+02, 6.85489502e+02,
       2.92473328e+02, 6.41184570e+02, 2.93548004e+02, 1.00135284e+03,
       2.46409058e+02, 9.56019409e+02, 2.47029327e+02, 9.10969055e+02,
       2.47613495e+02, 8.66039978e+02, 2.48416824e+02, 8.21359009e+02,
       2.49350693e+02, 7.76660950e+02, 2.50229614e+02, 7.32495239e+02,
       2.51276031e+02, 6.88311707e+02, 2.52319031e+02, 6.44392395e+02,
       2.53398605e+02, 1.00095715e+03, 2.07136353e+02, 9.56228882e+02,
       2.07615265e+02, 9.11551147e+02, 2.08303650e+02, 8.67161865e+02,
       2.09007553e+02, 8.22756958e+02, 2.09852509e+02, 7.78627869e+02,
       2.10801926e+02, 7.34804321e+02, 2.11792114e+02, 6.91099365e+02,
       2.12898987e+02, 6.47529663e+02, 2.14098999e+02, 1.00060956e+03,
       1.68377869e+02, 9.56335693e+02, 1.68986649e+02, 9.12231628e+02,
       1.69582687e+02, 8.68203491e+02, 1.70322784e+02, 8.24339966e+02,
       1.71211426e+02, 7.80600769e+02, 1.72135223e+02, 7.37249390e+02,
       1.73188751e+02, 6.93747620e+02, 1.74250214e+02, 6.50628113e+02,
       1.75407181e+02 ]
