%YAML:1.0
---
image_points: !!opencv-matrix
   rows: 54
   cols: 2
   dt: f
   data: [ 5.92668152e+02, 7.83436646e+02, 5.52838440e+02,
       7.84600037e+02, 5.13432251e+02, 7.85757751e+02, 4.74246674e+02,
       7.87027283e+02, 4.35317535e+02, 7.88245361e+02, 3.96605835e+02,
       7.89395874e+02, 3.58279999e+02, 7.90494568e+02, 3.19865631e+02,
       7.91584717e+02, 2.81697998e+02, 7.92710022e+02, 5.90840454e+02,
       7.42911438e+02, 5.51066895e+02, 7.44330750e+02, 5.11563782e+02,
       7.45540161e+02, 4.72389282e+02, 7.46804199e+02, 4.33456879e+02,
       7.48229980e+02, 3.94732208e+02, 7.49455872e+02, 3.56424713e+02,
       7.50610107e+02, 3.18097015e+02, 7.51892639e+02, 2.79988251e+02,
       7.53245422e+02, 5.89158081e+02, 7.02245056e+02, 5.49347534e+02,
       7.03584839e+02, 5.09769135e+02, 7.05076233e+02, 4.70549805e+02,
       7.06485413e+02, 4.31664948e+02, 7.07773926e+02, 3.93010651e+02,
       7.09344849e+02, 3.54626587e+02, 7.10567383e+02, 3.16352203e+02,
       7.11988586e+02, 2.78328888e+02, 7.13391174e+02, 5.87458069e+02,
       6.61518433e+02, 5.47581787e+02, 6.63087341e+02, 5.08172668e+02,
       6.64546753e+02, 4.68863495e+02, 6.66188416e+02, 4.30007385e+02,
       6.67597961e+02, 3.91301239e+02, 6.69188599e+02, 3.52863495e+02,
       6.70580383e+02, 3.14580292e+02, 6.72151123e+02, 2.76506561e+02,
       6.73550354e+02, 5.85854553e+02, 6.20878662e+02, 5.46015015e+02,
       6.22534729e+02, 5.06490173e+02, 6.24262329e+02, 4.67289307e+02,
       6.25729126e+02, 4.28340576e+02, 6.27454529e+02, 3.89575165e+02,
       6.29127258e+02, 3.51224426e+02, 6.30639648e+02, 3.12827240e+02,
       6.32355957e+02, 2.74747620e+02, 6.33815430e+02, 5.84320068e+02,
       5.80197937e+02, 5.44480957e+02, 5.81807373e+02, 5.04967560e+02,
       5.83574402e+02, 4.65657166e+02, 5.85422729e+02, 4.26661285e+02,
       5.87201538e+02, 3.88007141e+02, 5.88790283e+02, 3.49557678e+02,
       5.90553223e+02, 3.11238037e+02, 5.92360046e+02, 2.73087311e+02,
       5.94033691e+02 ]
