%YAML:1.0
---
image_points: !!opencv-matrix
   rows: 54
   cols: 2
   dt: f
   data: [ 1.33665332e+03, 9.55419800e+02, 1.29751550e+03,
       9.57418823e+02, 1.25834399e+03, 9.59382874e+02, 1.21907739e+03,
       9.61312256e+02, 1.17969617e+03, 9.63120972e+02, 1.14042847e+03,
       9.64870911e+02, 1.10107983e+03, 9.66660278e+02, 1.06149292e+03,
       9.68393555e+02, 1.02202368e+03, 9.70049438e+02, 1.33562073e+03,
       9.16660828e+02, 1.29640588e+03, 9.18652893e+02, 1.25714941e+03,
       9.20599365e+02, 1.21775928e+03, 9.22539063e+02, 1.17847131e+03,
       9.24432983e+02, 1.13896521e+03, 9.26286560e+02, 1.09954846e+03,
       9.27932373e+02, 1.05994873e+03, 9.29680664e+02, 1.02040619e+03,
       9.31361145e+02, 1.33450513e+03, 8.77578247e+02, 1.29522046e+03,
       8.79538208e+02, 1.25588269e+03, 8.81538513e+02, 1.21650403e+03,
       8.83453857e+02, 1.17708948e+03, 8.85354736e+02, 1.13755005e+03,
       8.87204590e+02, 1.09812585e+03, 8.88890930e+02, 1.05843054e+03,
       8.90623901e+02, 1.01872980e+03, 8.92318909e+02, 1.33334180e+03,
       8.38442322e+02, 1.29391650e+03, 8.40424316e+02, 1.25460498e+03,
       8.42358032e+02, 1.21524011e+03, 8.44321899e+02, 1.17567603e+03,
       8.46162292e+02, 1.13616077e+03, 8.47952454e+02, 1.09655249e+03,
       8.49744629e+02, 1.05679651e+03, 8.51497864e+02, 1.01714441e+03,
       8.53219849e+02, 1.33200049e+03, 7.99199646e+02, 1.29262170e+03,
       8.01173401e+02, 1.25333057e+03, 8.03122009e+02, 1.21378015e+03,
       8.04975159e+02, 1.17431970e+03, 8.06850342e+02, 1.13461731e+03,
       8.08691956e+02, 1.09508655e+03, 8.10557007e+02, 1.05527795e+03,
       8.12313599e+02, 1.01545160e+03, 8.14025024e+02, 1.33063989e+03,
       7.59579651e+02, 1.29132007e+03, 7.61563049e+02, 1.25187195e+03,
       7.63526306e+02, 1.21242761e+03, 7.65446350e+02, 1.17279150e+03,
       7.67376038e+02, 1.13318579e+03, 7.69223572e+02, 1.09348755e+03,
       7.70983643e+02, 1.05360095e+03, 7.72762329e+02, 1.01375867e+03,
       7.74547241e+02 ]
