%YAML:1.0
---
image_points: !!opencv-matrix
   rows: 54
   cols: 2
   dt: f
   data: [ 5.58055176e+02, 3.19230194e+02, 5.16340271e+02,
       3.22484955e+02, 4.75127136e+02, 3.25777985e+02, 4.34204407e+02,
       3.29174347e+02, 3.93554932e+02, 3.32433105e+02, 3.53324005e+02,
       3.35700989e+02, 3.13383179e+02, 3.39079224e+02, 2.73495789e+02,
       3.42385559e+02, 2.33871140e+02, 3.45564026e+02, 5.57513550e+02,
       2.78061523e+02, 5.16004211e+02, 2.81424896e+02, 4.74854797e+02,
       2.84767303e+02, 4.34135315e+02, 2.88249969e+02, 3.93595520e+02,
       2.91622711e+02, 3.53441986e+02, 2.95134949e+02, 3.13602539e+02,
       2.98496521e+02, 2.73812103e+02, 3.01824829e+02, 2.34420227e+02,
       3.05292633e+02, 5.57094238e+02, 2.37056534e+02, 5.15698425e+02,
       2.40541397e+02, 4.74699097e+02, 2.44033539e+02, 4.34061798e+02,
       2.47521790e+02, 3.93675446e+02, 2.51083923e+02, 3.53623566e+02,
       2.54544907e+02, 3.13871460e+02, 2.58013062e+02, 2.74275940e+02,
       2.61520172e+02, 2.34799576e+02, 2.64922058e+02, 5.56668823e+02,
       1.96601730e+02, 5.15478271e+02, 2.00197998e+02, 4.74605316e+02,
       2.03649078e+02, 4.34109894e+02, 2.07316650e+02, 3.93804291e+02,
       2.10799057e+02, 3.53788269e+02, 2.14409378e+02, 3.14170319e+02,
       2.17921005e+02, 2.74532745e+02, 2.21471634e+02, 2.35177689e+02,
       2.24927185e+02, 5.56406067e+02, 1.56687653e+02, 5.15336426e+02,
       1.60334122e+02, 4.74515106e+02, 1.63786835e+02, 4.34092346e+02,
       1.67428406e+02, 3.93873505e+02, 1.70999603e+02, 3.53983337e+02,
       1.74610855e+02, 3.14389954e+02, 1.78242554e+02, 2.74792389e+02,
       1.81738327e+02, 2.35486526e+02, 1.85328049e+02, 5.56075500e+02,
       1.16974174e+02, 5.15154480e+02, 1.20566010e+02, 4.74489929e+02,
       1.24240433e+02, 4.34131256e+02, 1.27732048e+02, 3.94024628e+02,
       1.31428833e+02, 3.54200256e+02, 1.35007950e+02, 3.14617065e+02,
       1.38631805e+02, 2.75080994e+02, 1.42243668e+02, 2.35718384e+02,
       1.45745956e+02 ]
