%YAML:1.0
---
image_points: !!opencv-matrix
   rows: 54
   cols: 2
   dt: f
   data: [ 1.06965149e+03, 9.74433716e+02, 1.01937390e+03,
       9.72982300e+02, 9.69078491e+02, 9.71509705e+02, 9.18687927e+02,
       9.69801758e+02, 8.68431702e+02, 9.68115845e+02, 8.18197144e+02,
       9.66289490e+02, 7.68178467e+02, 9.64352173e+02, 7.18062866e+02,
       9.62329834e+02, 6.68238281e+02, 9.60314880e+02, 1.06797607e+03,
       9.32033203e+02, 1.01883466e+03, 9.30659302e+02, 9.69756714e+02,
       9.29147644e+02, 9.20640503e+02, 9.27521790e+02, 8.71568481e+02,
       9.25818054e+02, 8.22525757e+02, 9.24081543e+02, 7.73687195e+02,
       9.22302795e+02, 7.24789185e+02, 9.20346252e+02, 6.76213440e+02,
       9.18430420e+02, 1.06637024e+03, 8.91368896e+02, 1.01842749e+03,
       8.90012573e+02, 9.70489319e+02, 8.88468201e+02, 9.22513489e+02,
       8.86829468e+02, 8.74606262e+02, 8.85289307e+02, 8.26714600e+02,
       8.83557617e+02, 7.79082764e+02, 8.81762207e+02, 7.31362183e+02,
       8.79942688e+02, 6.83811890e+02, 8.78096008e+02, 1.06474548e+03,
       8.52575806e+02, 1.01794769e+03, 8.51161011e+02, 9.71197021e+02,
       8.49614319e+02, 9.24349792e+02, 8.48067444e+02, 8.77543762e+02,
       8.46502686e+02, 8.30728577e+02, 8.44765991e+02, 7.84198242e+02,
       8.43062622e+02, 7.37560730e+02, 8.41288086e+02, 6.91155090e+02,
       8.39463379e+02, 1.06327661e+03, 8.15565979e+02, 1.01751263e+03,
       8.14103882e+02, 9.71771484e+02, 8.12535950e+02, 9.26058472e+02,
       8.10880432e+02, 8.80345642e+02, 8.09304077e+02, 8.34584961e+02,
       8.07627686e+02, 7.89088135e+02, 8.05926880e+02, 7.43489624e+02,
       8.04208069e+02, 6.98122437e+02, 8.02395813e+02, 1.06173145e+03,
       7.79847351e+02, 1.01705957e+03, 7.78430298e+02, 9.72424683e+02,
       7.76843262e+02, 9.27647095e+02, 7.75184509e+02, 8.82983521e+02,
       7.73547974e+02, 8.38335388e+02, 7.71875366e+02, 7.93787781e+02,
       7.70247986e+02, 7.49221069e+02, 7.68506287e+02, 7.04775513e+02,
       7.66718628e+02 ]
