%YAML:1.0
---
image_points: !!opencv-matrix
   rows: 54
   cols: 2
   dt: f
   data: [ 5.33377808e+02, 5.19466492e+02, 4.93483429e+02,
       5.23422852e+02, 4.54128021e+02, 5.27356567e+02, 4.14921143e+02,
       5.31283203e+02, 3.76141541e+02, 5.35095825e+02, 3.37541077e+02,
       5.38914612e+02, 2.99274261e+02, 5.42729492e+02, 2.61030121e+02,
       5.46571472e+02, 2.22993332e+02, 5.50398743e+02, 5.30488098e+02,
       4.78701660e+02, 4.90674011e+02, 4.82764008e+02, 4.51339874e+02,
       4.86751495e+02, 4.12248566e+02, 4.90783386e+02, 3.73457367e+02,
       4.94790497e+02, 3.34888519e+02, 4.98801849e+02, 2.96700226e+02,
       5.02727936e+02, 2.58511810e+02, 5.06692078e+02, 2.20614380e+02,
       5.10610138e+02, 5.27696350e+02, 4.37944092e+02, 4.88046295e+02,
       4.42194611e+02, 4.48666718e+02, 4.46297516e+02, 4.09595642e+02,
       4.50450012e+02, 3.70868561e+02, 4.54540497e+02, 3.32425323e+02,
       4.58618378e+02, 2.94272705e+02, 4.62679749e+02, 2.56180542e+02,
       4.66740692e+02, 2.18318039e+02, 4.70796173e+02, 5.25062378e+02,
       3.97504395e+02, 4.85410126e+02, 4.01726074e+02, 4.46124115e+02,
       4.06015869e+02, 4.07124908e+02, 4.10295319e+02, 3.68450439e+02,
       4.14488159e+02, 3.29924469e+02, 4.18661774e+02, 2.91766663e+02,
       4.22827515e+02, 2.53726654e+02, 4.27023804e+02, 2.15883347e+02,
       4.31224030e+02, 5.22478027e+02, 3.57378876e+02, 4.82815826e+02,
       3.61657990e+02, 4.43578430e+02, 3.65990753e+02, 4.04599365e+02,
       3.70331207e+02, 3.65913727e+02, 3.74612091e+02, 3.27519592e+02,
       3.78928497e+02, 2.89405243e+02, 3.83263306e+02, 2.51349731e+02,
       3.87503418e+02, 2.13504745e+02, 3.91704041e+02, 5.19873413e+02,
       3.17276215e+02, 4.80390808e+02, 3.21613922e+02, 4.41193207e+02,
       3.26076263e+02, 4.02235535e+02, 3.30427643e+02, 3.63531738e+02,
       3.34793152e+02, 3.25158569e+02, 3.39238434e+02, 2.87047455e+02,
       3.43580048e+02, 2.48951324e+02, 3.47914063e+02, 2.11118179e+02,
       3.52319580e+02 ]
