%YAML:1.0
---
image_points: !!opencv-matrix
   rows: 54
   cols: 2
   dt: f
   data: [ 1.35040515e+03, 5.75818726e+02, 1.30682544e+03,
       5.75923706e+02, 1.26336707e+03, 5.76075073e+02, 1.21979028e+03,
       5.76210754e+02, 1.17629980e+03, 5.76318542e+02, 1.13274170e+03,
       5.76449829e+02, 1.08941431e+03, 5.76629089e+02, 1.04577661e+03,
       5.76768066e+02, 1.00241040e+03, 5.77035522e+02, 1.35039929e+03,
       5.32409851e+02, 1.30678015e+03, 5.32482788e+02, 1.26331848e+03,
       5.32549316e+02, 1.21975110e+03, 5.32700134e+02, 1.17623120e+03,
       5.32884094e+02, 1.13260449e+03, 5.33144165e+02, 1.08925916e+03,
       5.33327637e+02, 1.04565308e+03, 5.33533142e+02, 1.00221411e+03,
       5.33737488e+02, 1.35031885e+03, 4.88630646e+02, 1.30669861e+03,
       4.88734100e+02, 1.26323071e+03, 4.88873749e+02, 1.21959839e+03,
       4.89066162e+02, 1.17602063e+03, 4.89284912e+02, 1.13250195e+03,
       4.89486420e+02, 1.08905786e+03, 4.89715912e+02, 1.04547949e+03,
       4.90034882e+02, 1.00196594e+03, 4.90334717e+02, 1.35009460e+03,
       4.45146423e+02, 1.30652271e+03, 4.45220123e+02, 1.26300439e+03,
       4.45323456e+02, 1.21943481e+03, 4.45475952e+02, 1.17583704e+03,
       4.45673981e+02, 1.13233740e+03, 4.45931061e+02, 1.08878455e+03,
       4.46279572e+02, 1.04529797e+03, 4.46558563e+02, 1.00171429e+03,
       4.46930634e+02, 1.34973401e+03, 4.01606720e+02, 1.30623865e+03,
       4.01680786e+02, 1.26270813e+03, 4.01825317e+02, 1.21919385e+03,
       4.02022278e+02, 1.17562695e+03, 4.02264771e+02, 1.13202417e+03,
       4.02516785e+02, 1.08860449e+03, 4.02884125e+02, 1.04500256e+03,
       4.03283875e+02, 1.00150598e+03, 4.03657410e+02, 1.34939709e+03,
       3.58043060e+02, 1.30583289e+03, 3.58176727e+02, 1.26241150e+03,
       3.58313171e+02, 1.21882202e+03, 3.58432861e+02, 1.17534546e+03,
       3.58707397e+02, 1.13175024e+03, 3.59045990e+02, 1.08832739e+03,
       3.59404175e+02, 1.04473071e+03, 3.59822571e+02, 1.00129089e+03,
       3.60351410e+02 ]
