%YAML:1.0
---
image_points: !!opencv-matrix
   rows: 54
   cols: 2
   dt: f
   data: [ 1.58047766e+03, 1.03419092e+03, 1.54205042e+03,
       1.03254028e+03, 1.50369702e+03, 1.03091992e+03, 1.46545288e+03,
       1.02941357e+03, 1.42707483e+03, 1.02770728e+03, 1.38866003e+03,
       1.02616504e+03, 1.35036438e+03, 1.02448535e+03, 1.31169360e+03,
       1.02271716e+03, 1.27321692e+03, 1.02106793e+03, 1.58277515e+03,
       9.96174927e+02, 1.54443433e+03, 9.94543579e+02, 1.50612830e+03,
       9.92964905e+02, 1.46775293e+03, 9.91454468e+02, 1.42944861e+03,
       9.89799377e+02, 1.39093323e+03, 9.88296204e+02, 1.35255151e+03,
       9.86562195e+02, 1.31393591e+03, 9.84888733e+02, 1.27537097e+03,
       9.83221924e+02, 1.58516663e+03, 9.57715454e+02, 1.54671106e+03,
       9.56273926e+02, 1.50848230e+03, 9.54657959e+02, 1.47011438e+03,
       9.53235657e+02, 1.43165625e+03, 9.51578735e+02, 1.39329700e+03,
       9.50066589e+02, 1.35478491e+03, 9.48420410e+02, 1.31619922e+03,
       9.46677979e+02, 1.27749609e+03, 9.45013733e+02, 1.58737781e+03,
       9.19430054e+02, 1.54899561e+03, 9.17875732e+02, 1.51069421e+03,
       9.16408447e+02, 1.47237842e+03, 9.14814575e+02, 1.43393884e+03,
       9.13366211e+02, 1.39551538e+03, 9.11683105e+02, 1.35701880e+03,
       9.10211121e+02, 1.31839246e+03, 9.08496216e+02, 1.27961060e+03,
       9.06752502e+02, 1.58951843e+03, 8.80981201e+02, 1.55120752e+03,
       8.79512695e+02, 1.51292041e+03, 8.78074646e+02, 1.47459644e+03,
       8.76507080e+02, 1.43623157e+03, 8.75011536e+02, 1.39767590e+03,
       8.73449463e+02, 1.35928259e+03, 8.71842712e+02, 1.32052441e+03,
       8.70290344e+02, 1.28173877e+03, 8.68564941e+02, 1.59161096e+03,
       8.42413269e+02, 1.55331628e+03, 8.40817200e+02, 1.51510352e+03,
       8.39434937e+02, 1.47672290e+03, 8.37870483e+02, 1.43840930e+03,
       8.36464111e+02, 1.39984949e+03, 8.34820313e+02, 1.36140833e+03,
       8.33351807e+02, 1.32262854e+03, 8.31645508e+02, 1.28382507e+03,
       8.30098511e+02 ]
