%YAML:1.0
---
image_points: !!opencv-matrix
   rows: 54
   cols: 2
   dt: f
   data: [ 4.46361328e+02, 7.74250000e+02, 4.07860077e+02,
       7.76308533e+02, 3.69913361e+02, 7.78323669e+02, 3.32191956e+02,
       7.80344360e+02, 2.94678741e+02, 7.82306335e+02, 2.57494263e+02,
       7.84314514e+02, 2.20550415e+02, 7.86288025e+02, 1.83566818e+02,
       7.88304932e+02, 1.46733307e+02, 7.90297913e+02, 4.43531830e+02,
       7.34272034e+02, 4.05149414e+02, 7.36414246e+02, 3.67125244e+02,
       7.38508606e+02, 3.29363770e+02, 7.40619934e+02, 2.91900970e+02,
       7.42733948e+02, 2.54666977e+02, 7.44906738e+02, 2.17741837e+02,
       7.47098206e+02, 1.80814651e+02, 7.49231812e+02, 1.44146851e+02,
       7.51366455e+02, 4.40766907e+02, 6.93856262e+02, 4.02425507e+02,
       6.96325256e+02, 3.64360321e+02, 6.98534973e+02, 3.26568726e+02,
       7.00777954e+02, 2.89207275e+02, 7.03175110e+02, 2.51975525e+02,
       7.05436584e+02, 2.15059540e+02, 7.07596802e+02, 1.78199020e+02,
       7.09860840e+02, 1.41495361e+02, 7.12198853e+02, 4.38197876e+02,
       6.53632568e+02, 3.99720520e+02, 6.56237610e+02, 3.61686676e+02,
       6.58571106e+02, 3.23904205e+02, 6.61120300e+02, 2.86497589e+02,
       6.63507446e+02, 2.49281174e+02, 6.65839172e+02, 2.12311295e+02,
       6.68363770e+02, 1.75449249e+02, 6.70630188e+02, 1.38701706e+02,
       6.73101685e+02, 4.35629730e+02, 6.13540649e+02, 3.97217499e+02,
       6.16259705e+02, 3.59139679e+02, 6.18710876e+02, 3.21317535e+02,
       6.21388062e+02, 2.83795563e+02, 6.23865540e+02, 2.46556702e+02,
       6.26487549e+02, 2.09588745e+02, 6.28994202e+02, 1.72682907e+02,
       6.31508301e+02, 1.35971710e+02, 6.34037292e+02, 4.33174255e+02,
       5.73322449e+02, 3.94690186e+02, 5.75997253e+02, 3.56588043e+02,
       5.78669800e+02, 3.18710144e+02, 5.81477234e+02, 2.81256653e+02,
       5.84275818e+02, 2.43933060e+02, 5.86813477e+02, 2.07008057e+02,
       5.89536804e+02, 1.69979034e+02, 5.92235535e+02, 1.33251129e+02,
       5.94790771e+02 ]
