%YAML:1.0
---
image_points: !!opencv-matrix
   rows: 54
   cols: 2
   dt: f
   data: [ 1.43300415e+03, 5.82635559e+02, 1.39021326e+03,
       5.82621704e+02, 1.34738110e+03, 5.82612488e+02, 1.30454138e+03,
       5.82627686e+02, 1.26165613e+03, 5.82635193e+02, 1.21875549e+03,
       5.82671814e+02, 1.17596240e+03, 5.82744080e+02, 1.13294971e+03,
       5.82771606e+02, 1.09010986e+03, 5.82867432e+02, 1.43324744e+03,
       5.39782715e+02, 1.39034692e+03, 5.39774109e+02, 1.34752649e+03,
       5.39754517e+02, 1.30463684e+03, 5.39790283e+02, 1.26172424e+03,
       5.39852539e+02, 1.21875867e+03, 5.39967896e+02, 1.17594275e+03,
       5.40074524e+02, 1.13294067e+03, 5.40185608e+02, 1.09003613e+03,
       5.40286438e+02, 1.43333984e+03, 4.96684570e+02, 1.39042847e+03,
       4.96683289e+02, 1.34758069e+03, 4.96707214e+02, 1.30464807e+03,
       4.96738525e+02, 1.26174463e+03, 4.96825348e+02, 1.21879346e+03,
       4.96986237e+02, 1.17592029e+03, 4.97118134e+02, 1.13288013e+03,
       4.97264221e+02, 1.08993555e+03, 4.97412018e+02, 1.43329614e+03,
       4.53721191e+02, 1.39041907e+03, 4.53703674e+02, 1.34756067e+03,
       4.53699646e+02, 1.30463159e+03, 4.53777802e+02, 1.26170972e+03,
       4.53877960e+02, 1.21873633e+03, 4.54023956e+02, 1.17580347e+03,
       4.54216644e+02, 1.13280554e+03, 4.54388306e+02, 1.08981677e+03,
       4.54588531e+02, 1.43315784e+03, 4.10832550e+02, 1.39025928e+03,
       4.10804413e+02, 1.34744519e+03, 4.10844666e+02, 1.30452917e+03,
       4.10895050e+02, 1.26159253e+03, 4.11064331e+02, 1.21860681e+03,
       4.11206451e+02, 1.17572632e+03, 4.11398071e+02, 1.13267261e+03,
       4.11583344e+02, 1.08968384e+03, 4.11903290e+02, 1.43289880e+03,
       3.67762726e+02, 1.39001111e+03, 3.67773071e+02, 1.34724292e+03,
       3.67814972e+02, 1.30436560e+03, 3.67894257e+02, 1.26145325e+03,
       3.68090149e+02, 1.21848523e+03, 3.68246582e+02, 1.17554480e+03,
       3.68447571e+02, 1.13253906e+03, 3.68708984e+02, 1.08954492e+03,
       3.69115295e+02 ]
