%YAML:1.0
---
image_points: !!opencv-matrix
   rows: 54
   cols: 2
   dt: f
   data: [ 4.75128540e+02, 5.28408081e+02, 4.35992767e+02,
       5.32069397e+02, 3.97373901e+02, 5.35615601e+02, 3.58984192e+02,
       5.39295288e+02, 3.20912598e+02, 5.42725281e+02, 2.83197723e+02,
       5.46388977e+02, 2.45626297e+02, 5.49808716e+02, 2.08210526e+02,
       5.53386536e+02, 1.70853882e+02, 5.56768860e+02, 4.72584686e+02,
       4.87924347e+02, 4.33558777e+02, 4.91691467e+02, 3.94956757e+02,
       4.95469269e+02, 3.56619507e+02, 4.99217621e+02, 3.18608276e+02,
       5.02879181e+02, 2.80850342e+02, 5.06590912e+02, 2.43469864e+02,
       5.10306000e+02, 2.06052689e+02, 5.13825623e+02, 1.68862305e+02,
       5.17491028e+02, 4.70237915e+02, 4.47459930e+02, 4.31312531e+02,
       4.51417938e+02, 3.92648346e+02, 4.55273193e+02, 3.54368561e+02,
       4.59193970e+02, 3.16437531e+02, 4.62941742e+02, 2.78709717e+02,
       4.66726318e+02, 2.41361130e+02, 4.70535095e+02, 2.03981369e+02,
       4.74383148e+02, 1.66845398e+02, 4.78072754e+02, 4.67907349e+02,
       4.07328644e+02, 4.29034698e+02, 4.11315735e+02, 3.90483917e+02,
       4.15334320e+02, 3.52249298e+02, 4.19304718e+02, 3.14327271e+02,
       4.23305267e+02, 2.76587738e+02, 4.27184814e+02, 2.39224915e+02,
       4.31120911e+02, 2.01867737e+02, 4.34928284e+02, 1.64753464e+02,
       4.38758850e+02, 4.65728760e+02, 3.67391144e+02, 4.26807373e+02,
       3.71497375e+02, 3.88325684e+02, 3.75551971e+02, 3.50087799e+02,
       3.79594604e+02, 3.12185577e+02, 3.83674347e+02, 2.74474823e+02,
       3.87717102e+02, 2.37102737e+02, 3.91752594e+02, 1.99751419e+02,
       3.95737183e+02, 1.62670059e+02, 3.99682617e+02, 4.63554688e+02,
       3.27492065e+02, 4.24695923e+02, 3.31659302e+02, 3.86284149e+02,
       3.35872314e+02, 3.48002502e+02, 3.40080017e+02, 3.10119812e+02,
       3.44291840e+02, 2.72422089e+02, 3.48396576e+02, 2.35095123e+02,
       3.52517334e+02, 1.97668579e+02, 3.56547089e+02, 1.60541504e+02,
       3.60605286e+02 ]
