%YAML:1.0
---
image_points: !!opencv-matrix
   rows: 54
   cols: 2
   dt: f
   data: [ 1.32908813e+03, 1.07799084e+03, 1.29071240e+03,
       1.07838940e+03, 1.25254736e+03, 1.07863477e+03, 1.21437268e+03,
       1.07888416e+03, 1.17621411e+03, 1.07909424e+03, 1.13793933e+03,
       1.07922156e+03, 1.09980872e+03, 1.07929504e+03, 1.06158130e+03,
       1.07925317e+03, 1.02349500e+03, 1.07919153e+03, 1.32898645e+03,
       1.04020313e+03, 1.29066650e+03, 1.04055066e+03, 1.25249158e+03,
       1.04083472e+03, 1.21430945e+03, 1.04122290e+03, 1.17605383e+03,
       1.04141345e+03, 1.13776172e+03, 1.04156592e+03, 1.09966699e+03,
       1.04161243e+03, 1.06146277e+03, 1.04164075e+03, 1.02330914e+03,
       1.04159021e+03, 1.32884326e+03, 1.00204706e+03, 1.29057898e+03,
       1.00244995e+03, 1.25242786e+03, 1.00279889e+03, 1.21416382e+03,
       1.00321393e+03, 1.17585693e+03, 1.00343860e+03, 1.13763477e+03,
       1.00362811e+03, 1.09953613e+03, 1.00371887e+03, 1.06131885e+03,
       1.00378741e+03, 1.02310242e+03, 1.00376239e+03, 1.32868115e+03,
       9.63920044e+02, 1.29046326e+03, 9.64435974e+02, 1.25227209e+03,
       9.64750244e+02, 1.21398547e+03, 9.65194885e+02, 1.17571118e+03,
       9.65468445e+02, 1.13752808e+03, 9.65656372e+02, 1.09937036e+03,
       9.65841125e+02, 1.06107544e+03, 9.65946045e+02, 1.02277850e+03,
       9.66003418e+02, 1.32852844e+03, 9.25779968e+02, 1.29028418e+03,
       9.26355835e+02, 1.25206702e+03, 9.26744873e+02, 1.21378064e+03,
       9.27190552e+02, 1.17558057e+03, 9.27516724e+02, 1.13734741e+03,
       9.27740173e+02, 1.09919104e+03, 9.28015503e+02, 1.06076575e+03,
       9.28178101e+02, 1.02257495e+03, 9.28286438e+02, 1.32825818e+03,
       8.87521973e+02, 1.28996472e+03, 8.88027954e+02, 1.25176758e+03,
       8.88510925e+02, 1.21358667e+03, 8.88894653e+02, 1.17540515e+03,
       8.89371338e+02, 1.13714819e+03, 8.89641235e+02, 1.09886511e+03,
       8.89863342e+02, 1.06057397e+03, 8.90121765e+02, 1.02238019e+03,
       8.90307129e+02 ]
