%YAML:1.0
---
image_points: !!opencv-matrix
   rows: 54
   cols: 2
   dt: f
   data: [ 1.29549011e+03, 5.56728271e+02, 1.25164453e+03,
       5.57433777e+02, 1.20784668e+03, 5.58141235e+02, 1.16413269e+03,
       5.58779846e+02, 1.12041125e+03, 5.59488281e+02, 1.07666077e+03,
       5.60226379e+02, 1.03315430e+03, 5.60958862e+02, 9.89437317e+02,
       5.61656860e+02, 9.45912048e+02, 5.62482483e+02, 1.29480103e+03,
       5.13123596e+02, 1.25093652e+03, 5.13741577e+02, 1.20723120e+03,
       5.14432983e+02, 1.16344910e+03, 5.15185486e+02, 1.11967676e+03,
       5.15904663e+02, 1.07589502e+03, 5.16679138e+02, 1.03236707e+03,
       5.17479614e+02, 9.88685730e+02, 5.18322083e+02, 9.45207153e+02,
       5.19153992e+02, 1.29410254e+03, 4.69213104e+02, 1.25027625e+03,
       4.69847748e+02, 1.20650964e+03, 4.70570007e+02, 1.16266138e+03,
       4.71349335e+02, 1.11890234e+03, 4.72171448e+02, 1.07524170e+03,
       4.72990906e+02, 1.03160620e+03, 4.73782562e+02, 9.87925171e+02,
       4.74674133e+02, 9.44453430e+02, 4.75600189e+02, 1.29327637e+03,
       4.25460938e+02, 1.24944385e+03, 4.26182495e+02, 1.20565625e+03,
       4.26817047e+02, 1.16184937e+03, 4.27605713e+02, 1.11819250e+03,
       4.28449890e+02, 1.07445068e+03, 4.29330109e+02, 1.03078833e+03,
       4.30271973e+02, 9.87206848e+02, 4.31226013e+02, 9.43652771e+02,
       4.32207458e+02, 1.29232263e+03, 3.81851196e+02, 1.24851135e+03,
       3.82541168e+02, 1.20475317e+03, 3.83293854e+02, 1.16106006e+03,
       3.84090302e+02, 1.11735974e+03, 3.84909760e+02, 1.07358276e+03,
       3.85808136e+02, 1.03008203e+03, 3.86811707e+02, 9.86411743e+02,
       3.87798309e+02, 9.42859741e+02, 3.88883057e+02, 1.29132935e+03,
       3.38209381e+02, 1.24752539e+03, 3.38872955e+02, 1.20383374e+03,
       3.39605957e+02, 1.16016370e+03, 3.40431152e+02, 1.11648523e+03,
       3.41342743e+02, 1.07276892e+03, 3.42298920e+02, 1.02925464e+03,
       3.43312073e+02, 9.85598389e+02, 3.44402832e+02, 9.42163940e+02,
       3.45537811e+02 ]
