%YAML:1.0
---
image_points: !!opencv-matrix
   rows: 54
   cols: 2
   dt: f
   data: [ 1.65899170e+03, 4.66497803e+02, 1.61094653e+03,
       4.69711761e+02, 1.56319885e+03, 4.73147552e+02, 1.51559509e+03,
       4.76380005e+02, 1.46822620e+03, 4.79600891e+02, 1.42085376e+03,
       4.82876190e+02, 1.37377368e+03, 4.86248901e+02, 1.32656165e+03,
       4.89506378e+02, 1.27964880e+03, 4.92854034e+02, 1.65331726e+03,
       4.20707306e+02, 1.60547900e+03, 4.24243469e+02, 1.55793372e+03,
       4.27513947e+02, 1.51064832e+03, 4.30839630e+02, 1.46350806e+03,
       4.34306183e+02, 1.41643042e+03, 4.37640533e+02, 1.36955603e+03,
       4.41092377e+02, 1.32268005e+03, 4.44502716e+02, 1.27601184e+03,
       4.47939423e+02, 1.64747510e+03, 3.75397705e+02, 1.59989026e+03,
       3.78813995e+02, 1.55268396e+03, 3.82354675e+02, 1.50559631e+03,
       3.85677704e+02, 1.45869580e+03, 3.89280243e+02, 1.41191077e+03,
       3.92638306e+02, 1.36537195e+03, 3.96189270e+02, 1.31870337e+03,
       3.99662598e+02, 1.27237305e+03, 4.03253021e+02, 1.64158154e+03,
       3.30586060e+02, 1.59433960e+03, 3.34221283e+02, 1.54739539e+03,
       3.37610199e+02, 1.50055920e+03, 3.41244873e+02, 1.45392920e+03,
       3.44679993e+02, 1.40740332e+03, 3.48306335e+02, 1.36107178e+03,
       3.51803406e+02, 1.31473560e+03, 3.55460266e+02, 1.26860999e+03,
       3.59085999e+02, 1.63563318e+03, 2.86506989e+02, 1.58862659e+03,
       2.90177246e+02, 1.54197461e+03, 2.93639008e+02, 1.49546460e+03,
       2.97276398e+02, 1.44914612e+03, 3.00802368e+02, 1.40280579e+03,
       3.04463074e+02, 1.35682654e+03, 3.08161804e+02, 1.31073499e+03,
       3.11783539e+02, 1.26483228e+03, 3.15479126e+02, 1.62968921e+03,
       2.42629471e+02, 1.58293860e+03, 2.46440918e+02, 1.53654932e+03,
       2.50112320e+02, 1.49034949e+03, 2.53624344e+02, 1.44427441e+03,
       2.57374023e+02, 1.39830969e+03, 2.61053741e+02, 1.35252490e+03,
       2.64700745e+02, 1.30671497e+03, 2.68530243e+02, 1.26117053e+03,
       2.72346283e+02 ]
