%YAML:1.0
---
image_points: !!opencv-matrix
   rows: 54
   cols: 2
   dt: f
   data: [ 1.12233691e+03, 1.13742896e+03, 1.08420569e+03,
       1.13422742e+03, 1.04600525e+03, 1.13089124e+03, 1.00777155e+03,
       1.12759216e+03, 9.69581421e+02, 1.12418042e+03, 9.31353882e+02,
       1.12063464e+03, 8.93097351e+02, 1.11709631e+03, 8.54605835e+02,
       1.11340723e+03, 8.16298523e+02, 1.10962756e+03, 1.12608289e+03,
       1.09952856e+03, 1.08788843e+03, 1.09635754e+03, 1.04973035e+03,
       1.09301086e+03, 1.01156964e+03, 1.08967615e+03, 9.73369141e+02,
       1.08629211e+03, 9.35029297e+02, 1.08271863e+03, 8.96727783e+02,
       1.07914929e+03, 8.58383118e+02, 1.07546570e+03, 8.19938660e+02,
       1.07164954e+03, 1.12978381e+03, 1.06142859e+03, 1.09163635e+03,
       1.05821521e+03, 1.05355505e+03, 1.05489258e+03, 1.01535144e+03,
       1.05154456e+03, 9.77107300e+02, 1.04808801e+03, 9.38749634e+02,
       1.04458264e+03, 9.00533936e+02, 1.04094861e+03, 8.62127197e+02,
       1.03729626e+03, 8.23668884e+02, 1.03348926e+03, 1.13353271e+03,
       1.02336200e+03, 1.09542957e+03, 1.02014795e+03, 1.05733838e+03,
       1.01673798e+03, 1.01910126e+03, 1.01343604e+03, 9.80807373e+02,
       1.00993811e+03, 9.42543091e+02, 1.00643500e+03, 9.04299988e+02,
       1.00280603e+03, 8.65806763e+02, 9.99145142e+02, 8.27424316e+02,
       9.95368958e+02, 1.13724036e+03, 9.85295105e+02, 1.09914063e+03,
       9.82007080e+02, 1.06103589e+03, 9.78692871e+02, 1.02279761e+03,
       9.75348328e+02, 9.84579956e+02, 9.71837280e+02, 9.46310059e+02,
       9.68335327e+02, 9.08038025e+02, 9.64718872e+02, 8.69558533e+02,
       9.61013916e+02, 8.31179260e+02, 9.57279846e+02, 1.14085498e+03,
       9.47004272e+02, 1.10278076e+03, 9.43711060e+02, 1.06473389e+03,
       9.40432617e+02, 1.02656104e+03, 9.37040344e+02, 9.88383850e+02,
       9.33586487e+02, 9.50060181e+02, 9.30020508e+02, 9.11732361e+02,
       9.26452209e+02, 8.73348938e+02, 9.22701904e+02, 8.34866333e+02,
       9.18995911e+02 ]
