%YAML:1.0
---
image_points: !!opencv-matrix
   rows: 54
   cols: 2
   dt: f
   data: [ 1.52730579e+03, 1.13174866e+03, 1.48954883e+03,
       1.12802515e+03, 1.45190369e+03, 1.12431519e+03, 1.41434131e+03,
       1.12051746e+03, 1.37661755e+03, 1.11667651e+03, 1.33893396e+03,
       1.11285632e+03, 1.30133118e+03, 1.10906616e+03, 1.26345935e+03,
       1.10518323e+03, 1.22559082e+03, 1.10125696e+03, 1.53180713e+03,
       1.09462646e+03, 1.49414001e+03, 1.09086523e+03, 1.45648328e+03,
       1.08719836e+03, 1.41882214e+03, 1.08348218e+03, 1.38120337e+03,
       1.07966821e+03, 1.34341443e+03, 1.07589526e+03, 1.30569458e+03,
       1.07209033e+03, 1.26780530e+03, 1.06826050e+03, 1.22987708e+03,
       1.06429797e+03, 1.53638721e+03, 1.05720593e+03, 1.49861646e+03,
       1.05345203e+03, 1.46106934e+03, 1.04975427e+03, 1.42336731e+03,
       1.04614600e+03, 1.38561951e+03, 1.04240100e+03, 1.34785681e+03,
       1.03861621e+03, 1.31020715e+03, 1.03476282e+03, 1.27223950e+03,
       1.03091211e+03, 1.23430957e+03, 1.02701221e+03, 1.54077405e+03,
       1.01964130e+03, 1.50317188e+03, 1.01604651e+03, 1.46552002e+03,
       1.01237097e+03, 1.42782861e+03, 1.00864899e+03, 1.39016711e+03,
       1.00497369e+03, 1.35239539e+03, 1.00126477e+03, 1.31455371e+03,
       9.97482788e+02, 1.27661316e+03, 9.93606323e+02, 1.23858069e+03,
       9.89684265e+02, 1.54523328e+03, 9.82161499e+02, 1.50755615e+03,
       9.78506592e+02, 1.46999170e+03, 9.74848633e+02, 1.43235742e+03,
       9.71262512e+02, 1.39458838e+03, 9.67549683e+02, 1.35675012e+03,
       9.63796509e+02, 1.31902991e+03, 9.60163452e+02, 1.28097119e+03,
       9.56294739e+02, 1.24291895e+03, 9.52441345e+02, 1.54960095e+03,
       9.44330261e+02, 1.51193958e+03, 9.40660583e+02, 1.47441919e+03,
       9.37169006e+02, 1.43672900e+03, 9.33522522e+02, 1.39902295e+03,
       9.29820740e+02, 1.36127197e+03, 9.26224670e+02, 1.32340332e+03,
       9.22433960e+02, 1.28536951e+03, 9.18610718e+02, 1.24729822e+03,
       9.14756653e+02 ]
