%YAML:1.0
---
image_points: !!opencv-matrix
   rows: 54
   cols: 2
   dt: f
   data: [ 5.52343262e+02, 7.78385803e+02, 5.12651245e+02,
       7.80107300e+02, 4.73484680e+02, 7.81695801e+02, 4.34513428e+02,
       7.83475403e+02, 3.95870483e+02, 7.85143494e+02, 3.57511444e+02,
       7.86678589e+02, 3.19421417e+02, 7.88427368e+02, 2.81378235e+02,
       7.90089417e+02, 2.43508743e+02, 7.91646790e+02, 5.49771484e+02,
       7.37752686e+02, 5.10214630e+02, 7.39619629e+02, 4.70933533e+02,
       7.41482483e+02, 4.31985077e+02, 7.43343689e+02, 3.93351837e+02,
       7.45130432e+02, 3.54919739e+02, 7.46792175e+02, 3.16853241e+02,
       7.48575073e+02, 2.78794037e+02, 7.50432556e+02, 2.41046158e+02,
       7.52227905e+02, 5.47400391e+02, 6.96995972e+02, 5.07735870e+02,
       6.98944519e+02, 4.68471771e+02, 7.00873962e+02, 4.29475464e+02,
       7.02804565e+02, 3.90813019e+02, 7.04694885e+02, 3.52465271e+02,
       7.06636475e+02, 3.14381470e+02, 7.08544189e+02, 2.76376312e+02,
       7.10506348e+02, 2.38565918e+02, 7.12407837e+02, 5.45039917e+02,
       6.56317261e+02, 5.05382874e+02, 6.58375488e+02, 4.66118500e+02,
       6.60444397e+02, 4.27130737e+02, 6.62497498e+02, 3.88439087e+02,
       6.64527405e+02, 3.49998260e+02, 6.66545288e+02, 3.11835052e+02,
       6.68560852e+02, 2.73814819e+02, 6.70561279e+02, 2.36053345e+02,
       6.72572571e+02, 5.42749268e+02, 6.15525574e+02, 5.03115662e+02,
       6.17668884e+02, 4.63732422e+02, 6.19906067e+02, 4.24703064e+02,
       6.22162354e+02, 3.86048737e+02, 6.24351807e+02, 3.47552032e+02,
       6.26490051e+02, 3.09420441e+02, 6.28610474e+02, 2.71392731e+02,
       6.30712769e+02, 2.33516449e+02, 6.32883362e+02, 5.40550720e+02,
       5.74558655e+02, 5.00882721e+02, 5.76894531e+02, 4.61520508e+02,
       5.79353638e+02, 4.22443451e+02, 5.81551453e+02, 3.83681000e+02,
       5.83846313e+02, 3.45269623e+02, 5.86276367e+02, 3.07094727e+02,
       5.88506958e+02, 2.68887482e+02, 5.90716614e+02, 2.31040894e+02,
       5.93077942e+02 ]
