%YAML:1.0
---
image_points: !!opencv-matrix
   rows: 54
   cols: 2
   dt: f
   data: [ 1.15435461e+03, 9.38371277e+02, 1.11404041e+03,
       9.41024170e+02, 1.07383337e+03, 9.43638550e+02, 1.03370020e+03,
       9.46256897e+02, 9.93614685e+02, 9.48674683e+02, 9.53600952e+02,
       9.51149414e+02, 9.13707520e+02, 9.53490845e+02, 8.73725464e+02,
       9.55738403e+02, 8.33964294e+02, 9.58027649e+02, 1.15182239e+03,
       8.98620422e+02, 1.11152502e+03, 9.01351929e+02, 1.07132300e+03,
       9.03938843e+02, 1.03113892e+03, 9.06586121e+02, 9.91008545e+02,
       9.09136902e+02, 9.50869934e+02, 9.11597717e+02, 9.10974854e+02,
       9.13958923e+02, 8.70998901e+02, 9.16377075e+02, 8.31175415e+02,
       9.18584290e+02, 1.14932251e+03, 8.58536133e+02, 1.10893530e+03,
       8.61292603e+02, 1.06869556e+03, 8.63955994e+02, 1.02846851e+03,
       8.66618591e+02, 9.88340393e+02, 8.69197144e+02, 9.48242126e+02,
       8.71698975e+02, 9.08286133e+02, 8.74196472e+02, 8.68254944e+02,
       8.76554565e+02, 8.28400757e+02, 8.78853333e+02, 1.14667908e+03,
       8.18482117e+02, 1.10636597e+03, 8.21274048e+02, 1.06610132e+03,
       8.23915039e+02, 1.02580286e+03, 8.26603699e+02, 9.85615662e+02,
       8.29268311e+02, 9.45496582e+02, 8.31759094e+02, 9.05470520e+02,
       8.34340271e+02, 8.65458374e+02, 8.36723816e+02, 8.25522644e+02,
       8.39176270e+02, 1.14410266e+03, 7.78387024e+02, 1.10367932e+03,
       7.81178894e+02, 1.06345728e+03, 7.83891663e+02, 1.02321484e+03,
       7.86605530e+02, 9.82941956e+02, 7.89291260e+02, 9.42733398e+02,
       7.91835693e+02, 9.02721619e+02, 7.94475220e+02, 8.62616943e+02,
       7.96947021e+02, 8.22674500e+02, 7.99436584e+02, 1.14142700e+03,
       7.38006104e+02, 1.10102112e+03, 7.40785583e+02, 1.06071753e+03,
       7.43582947e+02, 1.02046234e+03, 7.46363220e+02, 9.80243408e+02,
       7.49071045e+02, 9.40051880e+02, 7.51700012e+02, 8.99949463e+02,
       7.54361633e+02, 8.59823059e+02, 7.56892639e+02, 8.19856750e+02,
       7.59476807e+02 ]
