%YAML:1.0
---
image_points: !!opencv-matrix
   rows: 54
   cols: 2
   dt: f
   data: [ 1.03231042e+03, 8.09894653e+02, 9.90689392e+02,
       8.09545288e+02, 9.49351624e+02, 8.09136292e+02, 9.08029907e+02,
       8.08688416e+02, 8.66768494e+02, 8.08222046e+02, 8.25698975e+02,
       8.07619873e+02, 7.84805603e+02, 8.07110596e+02, 7.43848206e+02,
       8.06485107e+02, 7.03239563e+02, 8.05785889e+02, 1.03260876e+03,
       7.68770325e+02, 9.91066406e+02, 7.68424561e+02, 9.49597473e+02,
       7.68023865e+02, 9.08300232e+02, 7.67610657e+02, 8.67036682e+02,
       7.67206421e+02, 8.25835815e+02, 7.66699646e+02, 7.84940308e+02,
       7.66231506e+02, 7.43991455e+02, 7.65638489e+02, 7.03291992e+02,
       7.65069763e+02, 1.03295715e+03, 7.27320374e+02, 9.91396790e+02,
       7.26960144e+02, 9.49919312e+02, 7.26604797e+02, 9.08515869e+02,
       7.26279175e+02, 8.67292053e+02, 7.25800293e+02, 8.26095276e+02,
       7.25465332e+02, 7.85139954e+02, 7.24980896e+02, 7.44174438e+02,
       7.24505859e+02, 7.03406860e+02, 7.24021545e+02, 1.03331824e+03,
       6.85853149e+02, 9.91664001e+02, 6.85575134e+02, 9.50252258e+02,
       6.85268372e+02, 9.08751587e+02, 6.84898987e+02, 8.67488220e+02,
       6.84555054e+02, 8.26313477e+02, 6.84211365e+02, 7.85299683e+02,
       6.83765259e+02, 7.44333984e+02, 6.83422180e+02, 7.03514038e+02,
       6.83038025e+02, 1.03359436e+03, 6.44454407e+02, 9.91961609e+02,
       6.44202271e+02, 9.50509460e+02, 6.43846252e+02, 9.09071289e+02,
       6.43561951e+02, 8.67696289e+02, 6.43304626e+02, 8.26484070e+02,
       6.42950806e+02, 7.85487793e+02, 6.42665222e+02, 7.44502258e+02,
       6.42382141e+02, 7.03665222e+02, 6.42085815e+02, 1.03384717e+03,
       6.02774292e+02, 9.92302246e+02, 6.02535645e+02, 9.50761719e+02,
       6.02301147e+02, 9.09363708e+02, 6.02059570e+02, 8.67981445e+02,
       6.01795837e+02, 8.26734741e+02, 6.01556458e+02, 7.85699219e+02,
       6.01379883e+02, 7.44701538e+02, 6.01157410e+02, 7.03864319e+02,
       6.00831787e+02 ]
