%YAML:1.0
---
image_points: !!opencv-matrix
   rows: 54
   cols: 2
   dt: f
   data: [ 1.38465283e+03, 9.67852295e+02, 1.34619922e+03,
       9.68877014e+02, 1.30761292e+03, 9.69868469e+02, 1.26901282e+03,
       9.70827209e+02, 1.23030652e+03, 9.71713806e+02, 1.19144824e+03,
       9.72599731e+02, 1.15255627e+03, 9.73452332e+02, 1.11341675e+03,
       9.74189026e+02, 1.07434119e+03, 9.74860840e+02, 1.38476306e+03,
       9.29608826e+02, 1.34627966e+03, 9.30605408e+02, 1.30766064e+03,
       9.31561951e+02, 1.26899146e+03, 9.32519470e+02, 1.23024084e+03,
       9.33427429e+02, 1.19129211e+03, 9.34307495e+02, 1.15235193e+03,
       9.34991882e+02, 1.11320251e+03, 9.35747498e+02, 1.07386755e+03,
       9.36455994e+02, 1.38480615e+03, 8.90966736e+02, 1.34630762e+03,
       8.91893860e+02, 1.30766211e+03, 8.92879944e+02, 1.26886316e+03,
       8.93775269e+02, 1.23005554e+03, 8.94650574e+02, 1.19111975e+03,
       8.95535400e+02, 1.15212146e+03, 8.96326294e+02, 1.11279773e+03,
       8.97009094e+02, 1.07355933e+03, 8.97654846e+02, 1.38479138e+03,
       8.52332031e+02, 1.34628723e+03, 8.53295654e+02, 1.30759619e+03,
       8.54157471e+02, 1.26876294e+03, 8.55025452e+02, 1.22988892e+03,
       8.55829895e+02, 1.19085999e+03, 8.56640747e+02, 1.15178125e+03,
       8.57473511e+02, 1.11252405e+03, 8.58201965e+02, 1.07321057e+03,
       8.58817261e+02, 1.38469434e+03, 8.13498352e+02, 1.34612146e+03,
       8.14437256e+02, 1.30749585e+03, 8.15364502e+02, 1.26865942e+03,
       8.16214600e+02, 1.22970569e+03, 8.17016235e+02, 1.19062964e+03,
       8.17756653e+02, 1.15157324e+03, 8.18591919e+02, 1.11222681e+03,
       8.19312378e+02, 1.07276709e+03, 8.19960388e+02, 1.38458008e+03,
       7.74453674e+02, 1.34591736e+03, 7.75352417e+02, 1.30732495e+03,
       7.76245239e+02, 1.26848145e+03, 7.77068298e+02, 1.22950342e+03,
       7.77820374e+02, 1.19043164e+03, 7.78624023e+02, 1.15127820e+03,
       7.79418335e+02, 1.11181067e+03, 7.80124390e+02, 1.07242432e+03,
       7.80766296e+02 ]
