%YAML:1.0
---
image_points: !!opencv-matrix
   rows: 54
   cols: 2
   dt: f
   data: [ 1.00546143e+03, 4.05688110e+02, 9.60516907e+02,
       4.05659485e+02, 9.15664795e+02, 4.05748444e+02, 8.70948547e+02,
       4.05761932e+02, 8.26348389e+02, 4.05978271e+02, 7.81752014e+02,
       4.06202240e+02, 7.37378296e+02, 4.06350159e+02, 6.92935974e+02,
       4.06573547e+02, 6.48582764e+02, 4.06823700e+02, 1.00484833e+03,
       3.65198486e+02, 9.60429810e+02, 3.65229523e+02, 9.16091125e+02,
       3.65233185e+02, 8.71681885e+02, 3.65292633e+02, 8.27558167e+02,
       3.65382477e+02, 7.83374634e+02, 3.65662170e+02, 7.39450867e+02,
       3.65935547e+02, 6.95417542e+02, 3.66287048e+02, 6.51636841e+02,
       3.66514679e+02, 1.00433649e+03, 3.25316467e+02, 9.60335876e+02,
       3.25350800e+02, 9.16365173e+02, 3.25328247e+02, 8.72519592e+02,
       3.25341431e+02, 8.28690247e+02, 3.25496826e+02, 7.85044617e+02,
       3.25746094e+02, 7.41490906e+02, 3.26064545e+02, 6.97939514e+02,
       3.26374786e+02, 6.54535095e+02, 3.26704163e+02, 1.00370868e+03,
       2.86432648e+02, 9.60194214e+02, 2.86364349e+02, 9.16647644e+02,
       2.86315338e+02, 8.73316589e+02, 2.86375519e+02, 8.29960266e+02,
       2.86530853e+02, 7.86577026e+02, 2.86628082e+02, 7.43545349e+02,
       2.86989624e+02, 7.00397766e+02, 2.87320282e+02, 6.57425171e+02,
       2.87584625e+02, 1.00320831e+03, 2.48458694e+02, 9.60062134e+02,
       2.48317841e+02, 9.16963928e+02, 2.48249100e+02, 8.74038574e+02,
       2.48196091e+02, 8.31136780e+02, 2.48308685e+02, 7.88298950e+02,
       2.48450699e+02, 7.45545227e+02, 2.48655563e+02, 7.02785339e+02,
       2.49038818e+02, 6.60255249e+02, 2.49386017e+02, 1.00255072e+03,
       2.11061111e+02, 9.59870300e+02, 2.10878067e+02, 9.17355225e+02,
       2.10728592e+02, 8.74689209e+02, 2.10641052e+02, 8.32320068e+02,
       2.10701721e+02, 7.89808716e+02, 2.10837860e+02, 7.47557007e+02,
       2.11160019e+02, 7.05244629e+02, 2.11375153e+02, 6.62973145e+02,
       2.11682632e+02 ]
