%YAML:1.0
---
image_points: !!opencv-matrix
   rows: 54
   cols: 2
   dt: f
   data: [ 1.02768542e+03, 7.25725830e+02, 9.95356873e+02,
       7.36628174e+02, 9.62327087e+02, 7.47758728e+02, 9.28595581e+02,
       7.59149170e+02, 8.94139771e+02, 7.70628662e+02, 8.58833008e+02,
       7.82415283e+02, 8.22874451e+02, 7.94396729e+02, 7.85989624e+02,
       8.06539734e+02, 7.48425110e+02, 8.18927551e+02, 1.02193866e+03,
       6.90845947e+02, 9.89269592e+02, 7.01471191e+02, 9.55914307e+02,
       7.12267578e+02, 9.21879639e+02, 7.23317200e+02, 8.87072754e+02,
       7.34540649e+02, 8.51448730e+02, 7.46038940e+02, 8.15140930e+02,
       7.57625427e+02, 7.77861450e+02, 7.69565552e+02, 7.39827515e+02,
       7.81633606e+02, 1.01610114e+03, 6.55334534e+02, 9.83112183e+02,
       6.65546692e+02, 9.49508667e+02, 6.76103760e+02, 9.15080017e+02,
       6.86779419e+02, 8.79851807e+02, 6.97672791e+02, 8.43964233e+02,
       7.08846924e+02, 8.07313354e+02, 7.20228821e+02, 7.69632935e+02,
       7.31777649e+02, 7.31324524e+02, 7.43580017e+02, 1.01015332e+03,
       6.19343262e+02, 9.76901001e+02, 6.29321716e+02, 9.42985779e+02,
       6.39423523e+02, 9.08278442e+02, 6.49776917e+02, 8.72721924e+02,
       6.60393921e+02, 8.36508057e+02, 6.71239136e+02, 7.99451843e+02,
       6.82278442e+02, 7.61491150e+02, 6.93519470e+02, 7.22735718e+02,
       7.05097839e+02, 1.00419232e+03, 5.82889404e+02, 9.70611023e+02,
       5.92519897e+02, 9.36471008e+02, 6.02352478e+02, 9.01459351e+02,
       6.12373718e+02, 8.65606750e+02, 6.22620300e+02, 8.28977356e+02,
       6.33140320e+02, 7.91675049e+02, 6.43843445e+02, 7.53366028e+02,
       6.54786438e+02, 7.14268677e+02, 6.66074158e+02, 9.98164795e+02,
       5.45839294e+02, 9.64339478e+02, 5.55136719e+02, 9.29810242e+02,
       5.64568481e+02, 8.94547363e+02, 5.74304688e+02, 8.58446899e+02,
       5.84243530e+02, 8.21529053e+02, 5.94375427e+02, 7.83769348e+02,
       6.04700500e+02, 7.45180786e+02, 6.15385986e+02, 7.05645569e+02,
       6.26263916e+02 ]
