%YAML:1.0
---
image_points: !!opencv-matrix
   rows: 54
   cols: 2
   dt: f
   data: [ 8.30427124e+02, 9.91984314e+02, 7.90546143e+02,
       9.91506287e+02, 7.51052368e+02, 9.90869629e+02, 7.11604126e+02,
       9.90333069e+02, 6.72511169e+02, 9.89552246e+02, 6.33539551e+02,
       9.88768616e+02, 5.94815247e+02, 9.88079773e+02, 5.56239746e+02,
       9.87260376e+02, 5.17718689e+02, 9.86397949e+02, 8.30437805e+02,
       9.52321960e+02, 7.90595459e+02, 9.51768799e+02, 7.51120605e+02,
       9.51316162e+02, 7.11673889e+02, 9.50696411e+02, 6.72542358e+02,
       9.50136108e+02, 6.33601196e+02, 9.49458618e+02, 5.94982910e+02,
       9.48652344e+02, 5.56381470e+02, 9.47948364e+02, 5.18000427e+02,
       9.47200012e+02, 8.30496643e+02, 9.12312744e+02, 7.90673767e+02,
       9.11843018e+02, 7.51216919e+02, 9.11451538e+02, 7.11726990e+02,
       9.10920288e+02, 6.72654175e+02, 9.10407349e+02, 6.33735413e+02,
       9.09778992e+02, 5.95184326e+02, 9.09232971e+02, 5.56544006e+02,
       9.08517700e+02, 5.18301697e+02, 9.07728882e+02, 8.30574951e+02,
       8.72386963e+02, 7.90766235e+02, 8.72043457e+02, 7.51315430e+02,
       8.71613403e+02, 7.11908264e+02, 8.71272705e+02, 6.72811829e+02,
       8.70756714e+02, 6.33892700e+02, 8.70332336e+02, 5.95316162e+02,
       8.69690063e+02, 5.56715637e+02, 8.69198364e+02, 5.18446716e+02,
       8.68524292e+02, 8.30633545e+02, 8.32508118e+02, 7.90880554e+02,
       8.32276794e+02, 7.51427002e+02, 8.31925110e+02, 7.12139587e+02,
       8.31578796e+02, 6.73000793e+02, 8.31273804e+02, 6.34142517e+02,
       8.30753540e+02, 5.95466675e+02, 8.30418274e+02, 5.56932129e+02,
       8.29819824e+02, 5.18628845e+02, 8.29407043e+02, 8.30735962e+02,
       7.92466736e+02, 7.91109192e+02, 7.92315247e+02, 7.51574524e+02,
       7.92070557e+02, 7.12305237e+02, 7.91780823e+02, 6.73231079e+02,
       7.91544861e+02, 6.34339539e+02, 7.91279297e+02, 5.95681580e+02,
       7.90821533e+02, 5.57221436e+02, 7.90497498e+02, 5.18880005e+02,
       7.90129456e+02 ]
