%YAML:1.0
---
image_points: !!opencv-matrix
   rows: 54
   cols: 2
   dt: f
   data: [ 7.51105835e+02, 9.86299866e+02, 7.11774414e+02,
       9.85784668e+02, 6.72879700e+02, 9.85385620e+02, 6.34238708e+02,
       9.84812683e+02, 5.95710815e+02, 9.84327881e+02, 5.57519836e+02,
       9.83620605e+02, 5.19566589e+02, 9.83061646e+02, 4.81647491e+02,
       9.82408752e+02, 4.44073212e+02, 9.81630310e+02, 7.50997192e+02,
       9.46644775e+02, 7.11748413e+02, 9.46359009e+02, 6.72889832e+02,
       9.45875244e+02, 6.34265869e+02, 9.45509583e+02, 5.95774963e+02,
       9.45033142e+02, 5.57620850e+02, 9.44516907e+02, 5.19736267e+02,
       9.43928223e+02, 4.81971100e+02, 9.43419189e+02, 4.44437653e+02,
       9.42700623e+02, 7.50943787e+02, 9.06803589e+02, 7.11787415e+02,
       9.06582764e+02, 6.72923706e+02, 9.06336914e+02, 6.34311035e+02,
       9.05965881e+02, 5.95940186e+02, 9.05562317e+02, 5.57778870e+02,
       9.05242798e+02, 5.20031494e+02, 9.04673157e+02, 4.82316284e+02,
       9.04310791e+02, 4.44799286e+02, 9.03658875e+02, 7.50973145e+02,
       8.67214355e+02, 7.11816284e+02, 8.67021851e+02, 6.73025696e+02,
       8.66758362e+02, 6.34433472e+02, 8.66558594e+02, 5.96169678e+02,
       8.66364319e+02, 5.58034302e+02, 8.65934631e+02, 5.20279236e+02,
       8.65600586e+02, 4.82545807e+02, 8.65287842e+02, 4.45179474e+02,
       8.64759949e+02, 7.51022034e+02, 8.27621460e+02, 7.11881897e+02,
       8.27547241e+02, 6.73167053e+02, 8.27473267e+02, 6.34558289e+02,
       8.27330566e+02, 5.96311462e+02, 8.27139221e+02, 5.58277222e+02,
       8.26844727e+02, 5.20486572e+02, 8.26621338e+02, 4.82819366e+02,
       8.26423218e+02, 4.45482544e+02, 8.26133972e+02, 7.51057373e+02,
       7.87924805e+02, 7.12063538e+02, 7.87931946e+02, 6.73313843e+02,
       7.87918640e+02, 6.34735352e+02, 7.87858215e+02, 5.96482666e+02,
       7.87778564e+02, 5.58477966e+02, 7.87667542e+02, 5.20749695e+02,
       7.87579590e+02, 4.83212952e+02, 7.87459473e+02, 4.45810547e+02,
       7.87343262e+02 ]
