%YAML:1.0
---
image_points: !!opencv-matrix
   rows: 54
   cols: 2
   dt: f
   data: [ 7.75388916e+02, 5.39662415e+02, 7.31767273e+02,
       5.40017517e+02, 6.88585938e+02, 5.40378296e+02, 6.45686401e+02,
       5.40684265e+02, 6.03183105e+02, 5.41109863e+02, 5.60895447e+02,
       5.41482239e+02, 5.19040588e+02, 5.41841858e+02, 4.77259125e+02,
       5.42357361e+02, 4.35739990e+02, 5.42662109e+02, 7.75293945e+02,
       4.95860168e+02, 7.31685791e+02, 4.96318634e+02, 6.88543213e+02,
       4.96712738e+02, 6.45611023e+02, 4.97279083e+02, 6.03108582e+02,
       4.97710144e+02, 5.60796936e+02, 4.98333130e+02, 5.18960449e+02,
       4.98773834e+02, 4.77269196e+02, 4.99429535e+02, 4.35810608e+02,
       4.99909912e+02, 7.75272522e+02, 4.51863190e+02, 7.31707397e+02,
       4.52442322e+02, 6.88518616e+02, 4.53012878e+02, 6.45591003e+02,
       4.53597931e+02, 6.03142456e+02, 4.54306030e+02, 5.60869873e+02,
       4.54913849e+02, 5.19068115e+02, 4.55571411e+02, 4.77366150e+02,
       4.56387268e+02, 4.35975586e+02, 4.57074066e+02, 7.75275696e+02,
       4.08213043e+02, 7.31709900e+02, 4.08773102e+02, 6.88580872e+02,
       4.09447479e+02, 6.45696960e+02, 4.10245178e+02, 6.03253906e+02,
       4.10954803e+02, 5.60941956e+02, 4.11703583e+02, 5.19132690e+02,
       4.12545105e+02, 4.77455048e+02, 4.13418945e+02, 4.36105682e+02,
       4.14337402e+02, 7.75314514e+02, 3.64651581e+02, 7.31733459e+02,
       3.65408997e+02, 6.88632080e+02, 3.66166779e+02, 6.45797424e+02,
       3.66906433e+02, 6.03343811e+02, 3.67751862e+02, 5.61113586e+02,
       3.68666473e+02, 5.19281555e+02, 3.69624817e+02, 4.77558716e+02,
       3.70592499e+02, 4.36255768e+02, 3.71571259e+02, 7.75334534e+02,
       3.21181030e+02, 7.31929688e+02, 3.21854553e+02, 6.88821838e+02,
       3.22741730e+02, 6.45993042e+02, 3.23629822e+02, 6.03494934e+02,
       3.24600433e+02, 5.61296875e+02, 3.25604370e+02, 5.19453613e+02,
       3.26669952e+02, 4.77713135e+02, 3.27723846e+02, 4.36385498e+02,
       3.28853790e+02 ]
