%YAML:1.0
---
image_points: !!opencv-matrix
   rows: 54
   cols: 2
   dt: f
   data: [ 4.44493622e+02, 9.60407410e+02, 4.05857025e+02,
       9.62460693e+02, 3.67651794e+02, 9.64470398e+02, 3.29603027e+02,
       9.66509216e+02, 2.91786743e+02, 9.68506653e+02, 2.54207855e+02,
       9.70532593e+02, 2.16661880e+02, 9.72606384e+02, 1.79169250e+02,
       9.74689697e+02, 1.41673767e+02, 9.76865295e+02, 4.40888092e+02,
       9.20950256e+02, 4.02351715e+02, 9.23166382e+02, 3.64098785e+02,
       9.25295288e+02, 3.26063110e+02, 9.27397339e+02, 2.88272430e+02,
       9.29505493e+02, 2.50600449e+02, 9.31604614e+02, 2.13229370e+02,
       9.33696960e+02, 1.75695114e+02, 9.35932983e+02, 1.38360077e+02,
       9.38188171e+02, 4.37397644e+02, 8.81264709e+02, 3.98810913e+02,
       8.83465515e+02, 3.60525574e+02, 8.85656189e+02, 3.22461914e+02,
       8.87932068e+02, 2.84685028e+02, 8.90213501e+02, 2.47124237e+02,
       8.92437622e+02, 2.09680557e+02, 8.94579651e+02, 1.72300766e+02,
       8.96833496e+02, 1.34960922e+02, 8.99178284e+02, 4.33915649e+02,
       8.41457642e+02, 3.95368408e+02, 8.43749084e+02, 3.57084961e+02,
       8.46239136e+02, 3.19006683e+02, 8.48501709e+02, 2.81275146e+02,
       8.50786743e+02, 2.43575409e+02, 8.53213501e+02, 2.06198624e+02,
       8.55496765e+02, 1.68769821e+02, 8.57760498e+02, 1.31461746e+02,
       8.60256226e+02, 4.30579651e+02, 8.01605530e+02, 3.91926819e+02,
       8.04197021e+02, 3.53599884e+02, 8.06571472e+02, 3.15513123e+02,
       8.09103638e+02, 2.77711609e+02, 8.11507019e+02, 2.40110397e+02,
       8.13907227e+02, 2.02649826e+02, 8.16428589e+02, 1.65280548e+02,
       8.18782898e+02, 1.27923035e+02, 8.21335022e+02, 4.27275391e+02,
       7.61531372e+02, 3.88608490e+02, 7.64232727e+02, 3.50335236e+02,
       7.66690613e+02, 3.12192566e+02, 7.69411560e+02, 2.74329193e+02,
       7.71937317e+02, 2.36610046e+02, 7.74522644e+02, 1.99252151e+02,
       7.77130188e+02, 1.61699722e+02, 7.79587646e+02, 1.24407845e+02,
       7.82264160e+02 ]
