%YAML:1.0
---
image_points: !!opencv-matrix
   rows: 54
   cols: 2
   dt: f
   data: [ 1.53126501e+03, 5.87359558e+02, 1.48860730e+03,
       5.88144348e+02, 1.44611438e+03, 5.88877441e+02, 1.40359961e+03,
       5.89710022e+02, 1.36114612e+03, 5.90562561e+02, 1.31863818e+03,
       5.91448181e+02, 1.27634521e+03, 5.92376953e+02, 1.23375891e+03,
       5.93231873e+02, 1.19144495e+03, 5.94119568e+02, 1.53065186e+03,
       5.44802979e+02, 1.48796716e+03, 5.45672852e+02, 1.44544434e+03,
       5.46542786e+02, 1.40290625e+03, 5.47448425e+02, 1.36044531e+03,
       5.48356445e+02, 1.31788245e+03, 5.49308716e+02, 1.27554211e+03,
       5.50212585e+02, 1.23299609e+03, 5.51160950e+02, 1.19057227e+03,
       5.52099792e+02, 1.52994031e+03, 5.02259796e+02, 1.48730115e+03,
       5.03109436e+02, 1.44472375e+03, 5.03979492e+02, 1.40218530e+03,
       5.04850525e+02, 1.35962036e+03, 5.05797089e+02, 1.31713562e+03,
       5.06789825e+02, 1.27470044e+03, 5.07751740e+02, 1.23218713e+03,
       5.08758972e+02, 1.18969556e+03, 5.09769196e+02, 1.52915417e+03,
       4.59567017e+02, 1.48646204e+03, 4.60530212e+02, 1.44385413e+03,
       4.61456360e+02, 1.40132361e+03, 4.62433167e+02, 1.35875989e+03,
       4.63407135e+02, 1.31628247e+03, 4.64406647e+02, 1.27375317e+03,
       4.65444031e+02, 1.23129797e+03, 4.66487549e+02, 1.18873743e+03,
       4.67573669e+02, 1.52818652e+03, 4.17168060e+02, 1.48547827e+03,
       4.18097961e+02, 1.44291443e+03, 4.19036804e+02, 1.40039600e+03,
       4.20009277e+02, 1.35780371e+03, 4.21071655e+02, 1.31529346e+03,
       4.22138458e+02, 1.27281873e+03, 4.23253326e+02, 1.23032556e+03,
       4.24328461e+02, 1.18776123e+03, 4.25480164e+02, 1.52714233e+03,
       3.74444580e+02, 1.48443152e+03, 3.75446960e+02, 1.44184790e+03,
       3.76461914e+02, 1.39936572e+03, 3.77466187e+02, 1.35678723e+03,
       3.78531586e+02, 1.31429102e+03, 3.79624664e+02, 1.27178870e+03,
       3.80790588e+02, 1.22930029e+03, 3.82032562e+02, 1.18675269e+03,
       3.83278809e+02 ]
