%YAML:1.0
---
image_points: !!opencv-matrix
   rows: 54
   cols: 2
   dt: f
   data: [ 5.76324280e+02, 9.65017639e+02, 5.37390381e+02,
       9.66347351e+02, 4.98840790e+02, 9.67513977e+02, 4.60545654e+02,
       9.68708618e+02, 4.22508148e+02, 9.69888245e+02, 3.84667999e+02,
       9.71157959e+02, 3.47172363e+02, 9.72322754e+02, 3.09573425e+02,
       9.73452881e+02, 2.72261932e+02, 9.74583740e+02, 5.74333069e+02,
       9.25353760e+02, 5.35466919e+02, 9.26638489e+02, 4.96934082e+02,
       9.28001221e+02, 4.58666718e+02, 9.29364868e+02, 4.20691498e+02,
       9.30568054e+02, 3.82948608e+02, 9.31813477e+02, 3.45482697e+02,
       9.33165161e+02, 3.08025421e+02, 9.34395508e+02, 2.70769348e+02,
       9.35569641e+02, 5.72403381e+02, 8.85386902e+02, 5.33598633e+02,
       8.86767456e+02, 4.95132874e+02, 8.88331787e+02, 4.56841370e+02,
       8.89639221e+02, 4.18969788e+02, 8.91114197e+02, 3.81293549e+02,
       8.92468201e+02, 3.43829010e+02, 8.93719971e+02, 3.06484894e+02,
       8.95213440e+02, 2.69371002e+02, 8.96465515e+02, 5.70534790e+02,
       8.45523499e+02, 5.31733826e+02, 8.47137573e+02, 4.93360535e+02,
       8.48594910e+02, 4.55161957e+02, 8.50236877e+02, 4.17314423e+02,
       8.51628906e+02, 3.79571472e+02, 8.53194885e+02, 3.42234070e+02,
       8.54561523e+02, 3.04896057e+02, 8.56040466e+02, 2.67784698e+02,
       8.57473328e+02, 5.68757385e+02, 8.05739502e+02, 5.30021545e+02,
       8.07484131e+02, 4.91584167e+02, 8.09181030e+02, 4.53447357e+02,
       8.10665649e+02, 4.15557190e+02, 8.12390747e+02, 3.77922668e+02,
       8.13870789e+02, 3.40582947e+02, 8.15511963e+02, 3.03352997e+02,
       8.17085205e+02, 2.66323669e+02, 8.18571594e+02, 5.67021545e+02,
       7.65824768e+02, 5.28369873e+02, 7.67622620e+02, 4.89933380e+02,
       7.69463928e+02, 4.51760986e+02, 7.71262207e+02, 4.13939819e+02,
       7.72883301e+02, 3.76364227e+02, 7.74578003e+02, 3.39091187e+02,
       7.76377930e+02, 3.01779236e+02, 7.77946167e+02, 2.64754669e+02,
       7.79573120e+02 ]
