%YAML:1.0
---
image_points: !!opencv-matrix
   rows: 54
   cols: 2
   dt: f
   data: [ 1.65842432e+03, 3.40461700e+02, 1.61243274e+03,
       3.44232178e+02, 1.56672693e+03, 3.47882324e+02, 1.52128027e+03,
       3.51559113e+02, 1.47585486e+03, 3.55366425e+02, 1.43062744e+03,
       3.59106140e+02, 1.38563135e+03, 3.62759949e+02, 1.34050891e+03,
       3.66535706e+02, 1.29562207e+03, 3.70430389e+02, 1.65122778e+03,
       2.98806946e+02, 1.60554419e+03, 3.02687714e+02, 1.56023450e+03,
       3.06483368e+02, 1.51507141e+03, 3.10287262e+02, 1.47011194e+03,
       3.14111023e+02, 1.42522278e+03, 3.17839691e+02, 1.38054321e+03,
       3.21659729e+02, 1.33582410e+03, 3.25568848e+02, 1.29131323e+03,
       3.29446350e+02, 1.64391992e+03, 2.57769318e+02, 1.59862878e+03,
       2.61684937e+02, 1.55366467e+03, 2.65574951e+02, 1.50883057e+03,
       2.69419495e+02, 1.46427356e+03, 2.73338959e+02, 1.41972229e+03,
       2.77221588e+02, 1.37547693e+03, 2.81065338e+02, 1.33115808e+03,
       2.85011414e+02, 1.28693372e+03, 2.88943573e+02, 1.63670117e+03,
       2.17567261e+02, 1.59177209e+03, 2.21531906e+02, 1.54724011e+03,
       2.25427200e+02, 1.50272742e+03, 2.29368149e+02, 1.45848816e+03,
       2.33312225e+02, 1.41436975e+03, 2.37200607e+02, 1.37042151e+03,
       2.41134323e+02, 1.32645984e+03, 2.45084885e+02, 1.28262866e+03,
       2.49072998e+02, 1.62954553e+03, 1.78192276e+02, 1.58496667e+03,
       1.82185211e+02, 1.54073743e+03, 1.86046738e+02, 1.49664282e+03,
       1.89880066e+02, 1.45275671e+03, 1.93851807e+02, 1.40898083e+03,
       1.97814133e+02, 1.36545679e+03, 2.01799652e+02, 1.32177783e+03,
       2.05823822e+02, 1.27840125e+03, 2.09811401e+02, 1.62243372e+03,
       1.39107697e+02, 1.57825916e+03, 1.43196121e+02, 1.53435730e+03,
       1.47205170e+02, 1.49059680e+03, 1.51108368e+02, 1.44709314e+03,
       1.55090836e+02, 1.40362329e+03, 1.59100830e+02, 1.36046252e+03,
       1.63130890e+02, 1.31722241e+03, 1.67192657e+02, 1.27414258e+03,
       1.71266876e+02 ]
