%YAML:1.0
---
image_points: !!opencv-matrix
   rows: 54
   cols: 2
   dt: f
   data: [ 6.05039063e+02, 9.70424805e+02, 5.65878540e+02,
       9.71456482e+02, 5.27248535e+02, 9.72463867e+02, 4.88686646e+02,
       9.73442993e+02, 4.50517517e+02, 9.74390442e+02, 4.12555206e+02,
       9.75328430e+02, 3.74869934e+02, 9.76266479e+02, 3.37262085e+02,
       9.77153381e+02, 2.99756927e+02, 9.78059631e+02, 6.03240601e+02,
       9.30549255e+02, 5.64178894e+02, 9.31659729e+02, 5.25465332e+02,
       9.32716675e+02, 4.87014099e+02, 9.33797546e+02, 4.48837311e+02,
       9.34854004e+02, 4.10951019e+02, 9.35884155e+02, 3.73375305e+02,
       9.36888062e+02, 3.35752777e+02, 9.37904358e+02, 2.98478546e+02,
       9.38865051e+02, 6.01446289e+02, 8.90445984e+02, 5.62444214e+02,
       8.91641357e+02, 5.23714417e+02, 8.92851807e+02, 4.85347778e+02,
       8.94150513e+02, 4.47286285e+02, 8.95287292e+02, 4.09425171e+02,
       8.96420471e+02, 3.71844330e+02, 8.97478088e+02, 3.34410431e+02,
       8.98553223e+02, 2.97208618e+02, 8.99616577e+02, 5.99713196e+02,
       8.50457031e+02, 5.60734497e+02, 8.51746399e+02, 5.22153198e+02,
       8.53169373e+02, 4.83720001e+02, 8.54439392e+02, 4.45690155e+02,
       8.55639709e+02, 4.07840057e+02, 8.56867737e+02, 3.70356873e+02,
       8.58222839e+02, 3.32945374e+02, 8.59367188e+02, 2.95715118e+02,
       8.60532288e+02, 5.98177368e+02, 8.10517273e+02, 5.59189697e+02,
       8.11991638e+02, 5.20530823e+02, 8.13453003e+02, 4.82245178e+02,
       8.14749512e+02, 4.44195587e+02, 8.16276550e+02, 4.06389313e+02,
       8.17554382e+02, 3.68877411e+02, 8.18896057e+02, 3.31498718e+02,
       8.20319641e+02, 2.94383331e+02, 8.21539246e+02, 5.96508362e+02,
       7.70460571e+02, 5.57634705e+02, 7.72039551e+02, 5.19058838e+02,
       7.73574036e+02, 4.80661774e+02, 7.75188599e+02, 4.42666656e+02,
       7.76608154e+02, 4.04892303e+02, 7.78185547e+02, 3.67500763e+02,
       7.79555115e+02, 3.30141418e+02, 7.81036743e+02, 2.92972870e+02,
       7.82471680e+02 ]
