%YAML:1.0
---
image_points: !!opencv-matrix
   rows: 54
   cols: 2
   dt: f
   data: [ 1.41550452e+03, 8.23701782e+02, 1.37367883e+03,
       8.22992004e+02, 1.33200598e+03, 8.22273621e+02, 1.29045264e+03,
       8.21450684e+02, 1.24887476e+03, 8.20591248e+02, 1.20747327e+03,
       8.19704407e+02, 1.16620398e+03, 8.18827637e+02, 1.12473413e+03,
       8.17899109e+02, 1.08360205e+03, 8.16980408e+02, 1.41632263e+03,
       7.82425598e+02, 1.37445520e+03, 7.81643555e+02, 1.33276611e+03,
       7.80925598e+02, 1.29122620e+03, 7.80286865e+02, 1.24963611e+03,
       7.79484497e+02, 1.20818091e+03, 7.78691406e+02, 1.16683630e+03,
       7.77860962e+02, 1.12551074e+03, 7.77097351e+02, 1.08430737e+03,
       7.76224731e+02, 1.41693933e+03, 7.40693115e+02, 1.37518591e+03,
       7.40112549e+02, 1.33353394e+03, 7.39472900e+02, 1.29183459e+03,
       7.38740784e+02, 1.25036768e+03, 7.38140076e+02, 1.20883337e+03,
       7.37446106e+02, 1.16755469e+03, 7.36669983e+02, 1.12619226e+03,
       7.35912109e+02, 1.08491467e+03, 7.35187378e+02, 1.41754004e+03,
       6.99214050e+02, 1.37572534e+03, 6.98587158e+02, 1.33416907e+03,
       6.97960510e+02, 1.29252844e+03, 6.97406311e+02, 1.25096655e+03,
       6.96728882e+02, 1.20952100e+03, 6.96145142e+02, 1.16818213e+03,
       6.95501038e+02, 1.12679321e+03, 6.94795227e+02, 1.08554517e+03,
       6.94152649e+02, 1.41796973e+03, 6.57613708e+02, 1.37629297e+03,
       6.57162598e+02, 1.33463562e+03, 6.56569824e+02, 1.29308630e+03,
       6.56030151e+02, 1.25156934e+03, 6.55482971e+02, 1.21006726e+03,
       6.54879333e+02, 1.16875696e+03, 6.54411438e+02, 1.12740735e+03,
       6.53726990e+02, 1.08616357e+03, 6.53219849e+02, 1.41840967e+03,
       6.15991943e+02, 1.37665381e+03, 6.15509277e+02, 1.33512952e+03,
       6.15046265e+02, 1.29355701e+03, 6.14522766e+02, 1.25208911e+03,
       6.14102051e+02, 1.21061633e+03, 6.13560242e+02, 1.16931763e+03,
       6.13107727e+02, 1.12789795e+03, 6.12563843e+02, 1.08667810e+03,
       6.12141785e+02 ]
