%YAML:1.0
---
image_points: !!opencv-matrix
   rows: 54
   cols: 2
   dt: f
   data: [ 5.07343903e+02, 3.23434326e+02, 4.66246521e+02,
       3.26591797e+02, 4.25564026e+02, 3.29787262e+02, 3.85292267e+02,
       3.33001953e+02, 3.45317108e+02, 3.36233795e+02, 3.05595459e+02,
       3.39420624e+02, 2.66289856e+02, 3.42522095e+02, 2.26957184e+02,
       3.45625610e+02, 1.87946182e+02, 3.48698975e+02, 5.07339264e+02,
       2.82525055e+02, 4.66372131e+02, 2.85799561e+02, 4.25804260e+02,
       2.89199402e+02, 3.85613251e+02, 2.92438293e+02, 3.45741486e+02,
       2.95699158e+02, 3.06219574e+02, 2.99080597e+02, 2.66960632e+02,
       3.02359802e+02, 2.27748428e+02, 3.05531250e+02, 1.88888077e+02,
       3.08724915e+02, 5.07345062e+02, 2.41814636e+02, 4.66553894e+02,
       2.45354126e+02, 4.26187256e+02, 2.48614471e+02, 3.86058014e+02,
       2.52095947e+02, 3.46342682e+02, 2.55484497e+02, 3.06806854e+02,
       2.58798828e+02, 2.67673035e+02, 2.62237030e+02, 2.28593079e+02,
       2.65534851e+02, 1.89737610e+02, 2.68769409e+02, 5.07439484e+02,
       2.01704071e+02, 4.66742249e+02, 2.05266159e+02, 4.26504791e+02,
       2.08630081e+02, 3.86517975e+02, 2.12181519e+02, 3.46862213e+02,
       2.15592224e+02, 3.07454498e+02, 2.19028229e+02, 2.68356506e+02,
       2.22478409e+02, 2.29334503e+02, 2.25781998e+02, 1.90489624e+02,
       2.29204651e+02, 5.07584442e+02, 1.62168259e+02, 4.67073975e+02,
       1.65615234e+02, 4.26820679e+02, 1.69144409e+02, 3.86907135e+02,
       1.72557175e+02, 3.47403717e+02, 1.76116562e+02, 3.08029694e+02,
       1.79591125e+02, 2.68927399e+02, 1.83075455e+02, 2.29939117e+02,
       1.86489105e+02, 1.91195770e+02, 1.89807678e+02, 5.07675690e+02,
       1.22640244e+02, 4.67364532e+02, 1.26287193e+02, 4.27276367e+02,
       1.29722214e+02, 3.87424774e+02, 1.33305557e+02, 3.47847168e+02,
       1.36757095e+02, 3.08591461e+02, 1.40359238e+02, 2.69606232e+02,
       1.43820511e+02, 2.30596741e+02, 1.47304367e+02, 1.91797623e+02,
       1.50677460e+02 ]
