%YAML:1.0
---
image_points: !!opencv-matrix
   rows: 54
   cols: 2
   dt: f
   data: [ 9.44391907e+02, 8.01666931e+02, 9.02709656e+02,
       8.00884949e+02, 8.61354248e+02, 8.00092651e+02, 8.20060913e+02,
       7.99259949e+02, 7.78882385e+02, 7.98336426e+02, 7.37906372e+02,
       7.97392883e+02, 6.97234741e+02, 7.96449097e+02, 6.56468872e+02,
       7.95453796e+02, 6.16052673e+02, 7.94470337e+02, 9.45001038e+02,
       7.60445007e+02, 9.03375977e+02, 7.59650330e+02, 8.61897156e+02,
       7.58855591e+02, 8.20546204e+02, 7.58117310e+02, 7.79399414e+02,
       7.57268433e+02, 7.38365723e+02, 7.56412903e+02, 6.97582947e+02,
       7.55489136e+02, 6.56872437e+02, 7.54594116e+02, 6.16466064e+02,
       7.53629517e+02, 9.45613770e+02, 7.18809875e+02, 9.03986206e+02,
       7.18151794e+02, 8.62503784e+02, 7.17410400e+02, 8.21111450e+02,
       7.16621216e+02, 7.79885681e+02, 7.15806396e+02, 7.38846863e+02,
       7.15099304e+02, 6.98151306e+02, 7.14343323e+02, 6.57402954e+02,
       7.13516846e+02, 6.16890564e+02, 7.12640076e+02, 9.46313110e+02,
       6.77325806e+02, 9.04575439e+02, 6.76620056e+02, 8.63094727e+02,
       6.75882813e+02, 8.21657043e+02, 6.75236389e+02, 7.80479370e+02,
       6.74517944e+02, 7.39440369e+02, 6.73773438e+02, 6.98609680e+02,
       6.73171814e+02, 6.57866089e+02, 6.72419800e+02, 6.17359314e+02,
       6.71618652e+02, 9.46886780e+02, 6.35769287e+02, 9.05224609e+02,
       6.35163391e+02, 8.63645447e+02, 6.34485657e+02, 8.22322571e+02,
       6.33806091e+02, 7.81099792e+02, 6.33268982e+02, 7.40004028e+02,
       6.32600281e+02, 6.99214600e+02, 6.31972717e+02, 6.58404419e+02,
       6.31338196e+02, 6.17784912e+02, 6.30607178e+02, 9.47524963e+02,
       5.94102112e+02, 9.05821350e+02, 5.93474609e+02, 8.64359924e+02,
       5.92863708e+02, 8.22948120e+02, 5.92360352e+02, 7.81685303e+02,
       5.91758240e+02, 7.40589233e+02, 5.91237244e+02, 6.99714966e+02,
       5.90596558e+02, 6.58899780e+02, 5.90060486e+02, 6.18372986e+02,
       5.89485229e+02 ]
