%YAML:1.0
---
image_points: !!opencv-matrix
   rows: 54
   cols: 2
   dt: f
   data: [ 7.99900391e+02, 3.87325562e+02, 7.54076050e+02,
       3.88159454e+02, 7.08447876e+02, 3.89192108e+02, 6.63082397e+02,
       3.90092163e+02, 6.17976624e+02, 3.91106476e+02, 5.73065125e+02,
       3.92221893e+02, 5.28411560e+02, 3.93256714e+02, 4.83766022e+02,
       3.94343658e+02, 4.39484558e+02, 3.95425720e+02, 8.00690247e+02,
       3.45731964e+02, 7.55339661e+02, 3.46605591e+02, 7.10236450e+02,
       3.47575775e+02, 6.65220947e+02, 3.48505188e+02, 6.20470520e+02,
       3.49583862e+02, 5.75854797e+02, 3.50670654e+02, 5.31667847e+02,
       3.51805054e+02, 4.87499176e+02, 3.52996063e+02, 4.43581726e+02,
       3.54243591e+02, 8.01428101e+02, 3.04667694e+02, 7.56525024e+02,
       3.05693207e+02, 7.11750427e+02, 3.06615662e+02, 6.67327942e+02,
       3.07605408e+02, 6.22979553e+02, 3.08687897e+02, 5.78828857e+02,
       3.09846619e+02, 5.35040833e+02, 3.11070343e+02, 4.91251129e+02,
       3.12295258e+02, 4.47612762e+02, 3.13463501e+02, 8.02331604e+02,
       2.64778412e+02, 7.57698914e+02, 2.65694336e+02, 7.13528259e+02,
       2.66595062e+02, 6.69410217e+02, 2.67614136e+02, 6.25504333e+02,
       2.68723389e+02, 5.81674377e+02, 2.69796661e+02, 5.38289551e+02,
       2.71064697e+02, 4.94760101e+02, 2.72292877e+02, 4.51557922e+02,
       2.73450989e+02, 8.03153931e+02, 2.25777420e+02, 7.59068787e+02,
       2.26601517e+02, 7.15207031e+02, 2.27504822e+02, 6.71450378e+02,
       2.28446320e+02, 6.27908081e+02, 2.29492599e+02, 5.84543457e+02,
       2.30611069e+02, 5.41447021e+02, 2.31733810e+02, 4.98376160e+02,
       2.32994339e+02, 4.55467072e+02, 2.34259933e+02, 8.03874390e+02,
       1.87333588e+02, 7.60314758e+02, 1.88207321e+02, 7.16801758e+02,
       1.89049316e+02, 6.73507813e+02, 1.89919876e+02, 6.30411011e+02,
       1.90960678e+02, 5.87412537e+02, 1.92073212e+02, 5.44609680e+02,
       1.93258911e+02, 5.01836792e+02, 1.94389069e+02, 4.59336395e+02,
       1.95544113e+02 ]
