%YAML:1.0
---
image_points: !!opencv-matrix
   rows: 54
   cols: 2
   dt: f
   data: [ 7.80341858e+02, 7.26905518e+02, 7.37481018e+02,
       7.28573242e+02, 6.95111511e+02, 7.30289307e+02, 6.53047607e+02,
       7.31807739e+02, 6.11376099e+02, 7.33422913e+02, 5.70069763e+02,
       7.34936523e+02, 5.29212524e+02, 7.36492859e+02, 4.88468475e+02,
       7.37951416e+02, 4.48228485e+02, 7.39473145e+02, 7.78445801e+02,
       6.83631042e+02, 7.35612305e+02, 6.85452637e+02, 6.93267456e+02,
       6.87254639e+02, 6.51226013e+02, 6.88976196e+02, 6.09536987e+02,
       6.90666321e+02, 5.68281921e+02, 6.92456970e+02, 5.27406799e+02,
       6.94155823e+02, 4.86718628e+02, 6.95727417e+02, 4.46510132e+02,
       6.97451111e+02, 7.76568604e+02, 6.40175781e+02, 7.33803467e+02,
       6.42143494e+02, 6.91450989e+02, 6.44017761e+02, 6.49389160e+02,
       6.45902466e+02, 6.07783386e+02, 6.47762878e+02, 5.66553223e+02,
       6.49658447e+02, 5.25688843e+02, 6.51539490e+02, 4.85114807e+02,
       6.53453796e+02, 4.44821899e+02, 6.55293579e+02, 7.74790771e+02,
       5.96788879e+02, 7.32064209e+02, 5.98869812e+02, 6.89674744e+02,
       6.00920288e+02, 6.47681396e+02, 6.03024780e+02, 6.06162781e+02,
       6.05114319e+02, 5.64820068e+02, 6.07133667e+02, 5.24009583e+02,
       6.09192139e+02, 4.83410797e+02, 6.11174194e+02, 4.43151123e+02,
       6.13171997e+02, 7.73069031e+02, 5.53663269e+02, 7.30350647e+02,
       5.55841980e+02, 6.88023254e+02, 5.58103516e+02, 6.46054932e+02,
       5.60272400e+02, 6.04460815e+02, 5.62432983e+02, 5.63236877e+02,
       5.64591553e+02, 5.22367432e+02, 5.66765808e+02, 4.81692230e+02,
       5.68949463e+02, 4.41454468e+02, 5.71184875e+02, 7.71336853e+02,
       5.10462433e+02, 7.28650879e+02, 5.12720581e+02, 6.86417236e+02,
       5.15108154e+02, 6.44447021e+02, 5.17410339e+02, 6.02807922e+02,
       5.19683289e+02, 5.61584045e+02, 5.22111145e+02, 5.20772705e+02,
       5.24448303e+02, 4.80166687e+02, 5.26666443e+02, 4.39800018e+02,
       5.29102051e+02 ]
