%YAML:1.0
---
image_points: !!opencv-matrix
   rows: 54
   cols: 2
   dt: f
   data: [ 4.27718903e+02, 1.07341772e+03, 3.90825317e+02,
       1.07236340e+03, 3.54381561e+02, 1.07129858e+03, 3.17948853e+02,
       1.07025879e+03, 2.81779663e+02, 1.06918774e+03, 2.45827576e+02,
       1.06815796e+03, 2.10066177e+02, 1.06717896e+03, 1.74256851e+02,
       1.06621106e+03, 1.38540634e+02, 1.06527783e+03, 4.27235565e+02,
       1.03567920e+03, 3.90373779e+02, 1.03465076e+03, 3.53758026e+02,
       1.03363416e+03, 3.17474823e+02, 1.03266260e+03, 2.81377197e+02,
       1.03167737e+03, 2.45423157e+02, 1.03072681e+03, 2.09677231e+02,
       1.02979138e+03, 1.73913162e+02, 1.02893335e+03, 1.38313980e+02,
       1.02812231e+03, 4.26632751e+02, 9.97648560e+02, 3.89823334e+02,
       9.96716370e+02, 3.53313812e+02, 9.95814209e+02, 3.16897217e+02,
       9.94993530e+02, 2.80843109e+02, 9.94108276e+02, 2.44938400e+02,
       9.93292969e+02, 2.09291046e+02, 9.92377441e+02, 1.73514130e+02,
       9.91524292e+02, 1.37960556e+02, 9.90694824e+02, 4.26214874e+02,
       9.59657410e+02, 3.89370056e+02, 9.58825195e+02, 3.52736084e+02,
       9.58109558e+02, 3.16457306e+02, 9.57324036e+02, 2.80412750e+02,
       9.56489502e+02, 2.44455978e+02, 9.55639038e+02, 2.08679489e+02,
       9.54907043e+02, 1.72997269e+02, 9.54213135e+02, 1.37374100e+02,
       9.53489929e+02, 4.25723389e+02, 9.21635559e+02, 3.88806732e+02,
       9.20969666e+02, 3.52327118e+02, 9.20331055e+02, 3.15906769e+02,
       9.19541748e+02, 2.79809021e+02, 9.18843933e+02, 2.43853821e+02,
       9.18267517e+02, 2.08168976e+02, 9.17539490e+02, 1.72426788e+02,
       9.16873718e+02, 1.36763885e+02, 9.16327820e+02, 4.25334106e+02,
       8.83433777e+02, 3.88473785e+02, 8.82754822e+02, 3.51818787e+02,
       8.82312012e+02, 3.15457855e+02, 8.81609070e+02, 2.79342499e+02,
       8.81160461e+02, 2.43370041e+02, 8.80516174e+02, 2.07619858e+02,
       8.79977661e+02, 1.71804886e+02, 8.79426208e+02, 1.36198288e+02,
       8.78887817e+02 ]
