%YAML:1.0
---
image_points: !!opencv-matrix
   rows: 54
   cols: 2
   dt: f
   data: [ 1.24722168e+03, 3.60064636e+02, 1.20200195e+03,
       3.60776764e+02, 1.15690906e+03, 3.61641907e+02, 1.11182471e+03,
       3.62477356e+02, 1.06676428e+03, 3.63440857e+02, 1.02178998e+03,
       3.64423737e+02, 9.76995911e+02, 3.65432037e+02, 9.32118530e+02,
       3.66496155e+02, 8.87352417e+02, 3.67594543e+02, 1.24413013e+03,
       3.20030243e+02, 1.19942456e+03, 3.20787231e+02, 1.15476587e+03,
       3.21589844e+02, 1.11018835e+03, 3.22474609e+02, 1.06564502e+03,
       3.23423920e+02, 1.02111981e+03, 3.24470795e+02, 9.76768677e+02,
       3.25520996e+02, 9.32409668e+02, 3.26713623e+02, 8.88191589e+02,
       3.27849060e+02, 1.24097119e+03, 2.80662140e+02, 1.19678027e+03,
       2.81506958e+02, 1.15263513e+03, 2.82311493e+02, 1.10853345e+03,
       2.83186859e+02, 1.06446533e+03, 2.84184723e+02, 1.02044379e+03,
       2.85216064e+02, 9.76547852e+02, 2.86309235e+02, 9.32637573e+02,
       2.87446045e+02, 8.88841370e+02, 2.88684052e+02, 1.23790381e+03,
       2.42379623e+02, 1.19422192e+03, 2.43139145e+02, 1.15055591e+03,
       2.43887314e+02, 1.10687854e+03, 2.44749802e+02, 1.06334351e+03,
       2.45755020e+02, 1.01966516e+03, 2.46747086e+02, 9.76373291e+02,
       2.47867538e+02, 9.32817993e+02, 2.49091568e+02, 8.89589478e+02,
       2.50282837e+02, 1.23483313e+03, 2.04985764e+02, 1.19160010e+03,
       2.05657089e+02, 1.14845654e+03, 2.06434494e+02, 1.10530481e+03,
       2.07256607e+02, 1.06218958e+03, 2.08209717e+02, 1.01906580e+03,
       2.09252975e+02, 9.76157471e+02, 2.10337860e+02, 9.33164673e+02,
       2.11510361e+02, 8.90317810e+02, 2.12731400e+02, 1.23181030e+03,
       1.68196991e+02, 1.18907886e+03, 1.68855209e+02, 1.14639270e+03,
       1.69607803e+02, 1.10359570e+03, 1.70420120e+02, 1.06097107e+03,
       1.71355957e+02, 1.01839172e+03, 1.72379639e+02, 9.75856995e+02,
       1.73479279e+02, 9.33358948e+02, 1.74668289e+02, 8.90914612e+02,
       1.75983536e+02 ]
