%YAML:1.0
---
image_points: !!opencv-matrix
   rows: 54
   cols: 2
   dt: f
   data: [ 1.50888159e+03, 5.91161011e+02, 1.46636768e+03,
       5.91304932e+02, 1.42378723e+03, 5.91436646e+02, 1.38141272e+03,
       5.91531189e+02, 1.33889966e+03, 5.91674316e+02, 1.29647266e+03,
       5.91875000e+02, 1.25409058e+03, 5.92160889e+02, 1.21152795e+03,
       5.92328918e+02, 1.16912903e+03, 5.92524658e+02, 1.50890149e+03,
       5.48631470e+02, 1.46632288e+03, 5.48803284e+02, 1.42379346e+03,
       5.49014648e+02, 1.38136389e+03, 5.49254272e+02, 1.33883032e+03,
       5.49428772e+02, 1.29634045e+03, 5.49642761e+02, 1.25390564e+03,
       5.49884277e+02, 1.21141626e+03, 5.50209656e+02, 1.16888708e+03,
       5.50437988e+02, 1.50878333e+03, 5.06032471e+02, 1.46622046e+03,
       5.06256256e+02, 1.42369812e+03, 5.06429962e+02, 1.38121692e+03,
       5.06591187e+02, 1.33865540e+03, 5.06866821e+02, 1.29620593e+03,
       5.07217072e+02, 1.25372021e+03, 5.07471588e+02, 1.21121423e+03,
       5.07770294e+02, 1.16869128e+03, 5.08155579e+02, 1.50856970e+03,
       4.63462219e+02, 1.46595142e+03, 4.63619110e+02, 1.42349658e+03,
       4.63819611e+02, 1.38092590e+03, 4.64212463e+02, 1.33847217e+03,
       4.64437378e+02, 1.29588965e+03, 4.64688843e+02, 1.25349915e+03,
       4.65137939e+02, 1.21089001e+03, 4.65471497e+02, 1.16845190e+03,
       4.65867523e+02, 1.50823962e+03, 4.21014709e+02, 1.46559692e+03,
       4.21289032e+02, 1.42317993e+03, 4.21469635e+02, 1.38063733e+03,
       4.21686768e+02, 1.33816614e+03, 4.22115540e+02, 1.29560022e+03,
       4.22433472e+02, 1.25324280e+03, 4.22822083e+02, 1.21062317e+03,
       4.23282440e+02, 1.16811377e+03, 4.23726807e+02, 1.50774060e+03,
       3.78411133e+02, 1.46522314e+03, 3.78610687e+02, 1.42269946e+03,
       3.78933411e+02, 1.38027747e+03, 3.79299622e+02, 1.33773706e+03,
       3.79580109e+02, 1.29529175e+03, 3.80040833e+02, 1.25279968e+03,
       3.80454468e+02, 1.21029175e+03, 3.80940338e+02, 1.16776172e+03,
       3.81475006e+02 ]
