%YAML:1.0
---
image_points: !!opencv-matrix
   rows: 54
   cols: 2
   dt: f
   data: [ 1.23723047e+03, 8.17206787e+02, 1.19523755e+03,
       8.17336426e+02, 1.15341943e+03, 8.17442505e+02, 1.11168701e+03,
       8.17507935e+02, 1.07020264e+03, 8.17520020e+02, 1.02870715e+03,
       8.17505554e+02, 9.87544312e+02, 8.17473694e+02, 9.46340027e+02,
       8.17386841e+02, 9.05372803e+02, 8.17299133e+02, 1.23704370e+03,
       7.75653259e+02, 1.19500757e+03, 7.75845398e+02, 1.15321655e+03,
       7.76035461e+02, 1.11148779e+03, 7.76249695e+02, 1.06984949e+03,
       7.76354126e+02, 1.02841199e+03, 7.76436340e+02, 9.87193909e+02,
       7.76453369e+02, 9.45934509e+02, 7.76486633e+02, 9.04916260e+02,
       7.76435486e+02, 1.23677063e+03, 7.33811462e+02, 1.19476355e+03,
       7.34137512e+02, 1.15296387e+03, 7.34404236e+02, 1.11121155e+03,
       7.34604858e+02, 1.06957275e+03, 7.34772034e+02, 1.02808508e+03,
       7.35012878e+02, 9.86797058e+02, 7.35162598e+02, 9.45569153e+02,
       7.35286072e+02, 9.04556213e+02, 7.35361389e+02, 1.23652039e+03,
       6.92092834e+02, 1.19449951e+03, 6.92440430e+02, 1.15263867e+03,
       6.92683777e+02, 1.11085168e+03, 6.93046875e+02, 1.06926868e+03,
       6.93342163e+02, 1.02769897e+03, 6.93564209e+02, 9.86435303e+02,
       6.93822144e+02, 9.45215393e+02, 6.94072205e+02, 9.04152771e+02,
       6.94274231e+02, 1.23615845e+03, 6.50354492e+02, 1.19413818e+03,
       6.50680969e+02, 1.15229846e+03, 6.51157288e+02, 1.11052637e+03,
       6.51482361e+02, 1.06884277e+03, 6.51832214e+02, 1.02735730e+03,
       6.52256287e+02, 9.86053711e+02, 6.52576538e+02, 9.44730042e+02,
       6.52850464e+02, 9.03661194e+02, 6.53243347e+02, 1.23567847e+03,
       6.08392944e+02, 1.19369263e+03, 6.08827759e+02, 1.15185400e+03,
       6.09333008e+02, 1.11014624e+03, 6.09724731e+02, 1.06848547e+03,
       6.10253357e+02, 1.02692078e+03, 6.10634766e+02, 9.85592957e+02,
       6.11143127e+02, 9.44344055e+02, 6.11532776e+02, 9.03274780e+02,
       6.11994202e+02 ]
