%YAML:1.0
---
image_points: !!opencv-matrix
   rows: 54
   cols: 2
   dt: f
   data: [ 4.69631439e+02, 7.49136780e+02, 4.29431793e+02,
       7.49313232e+02, 3.89664154e+02, 7.49436523e+02, 3.50130829e+02,
       7.49540283e+02, 3.10785370e+02, 7.49619568e+02, 2.71749542e+02,
       7.49791626e+02, 2.32928909e+02, 7.50034241e+02, 1.94120972e+02,
       7.50271484e+02, 1.55439819e+02, 7.50415894e+02, 4.69096893e+02,
       7.07709473e+02, 4.28863983e+02, 7.08087158e+02, 3.89114105e+02,
       7.08360779e+02, 3.49544983e+02, 7.08560059e+02, 3.10291138e+02,
       7.08796936e+02, 2.71214935e+02, 7.09225525e+02, 2.32433578e+02,
       7.09427490e+02, 1.93626404e+02, 7.09627991e+02, 1.55059067e+02,
       7.09937012e+02, 4.68603394e+02, 6.66260986e+02, 4.28506561e+02,
       6.66573975e+02, 3.88597229e+02, 6.67022339e+02, 3.49048950e+02,
       6.67452332e+02, 3.09782227e+02, 6.67704041e+02, 2.70730286e+02,
       6.68279297e+02, 2.31941040e+02, 6.68546875e+02, 1.93211182e+02,
       6.68982361e+02, 1.54581818e+02, 6.69423767e+02, 4.68305267e+02,
       6.24689026e+02, 4.28099396e+02, 6.25325623e+02, 3.88274963e+02,
       6.25701599e+02, 3.48656708e+02, 6.26377808e+02, 3.09432800e+02,
       6.26775574e+02, 2.70317535e+02, 6.27382935e+02, 2.31484741e+02,
       6.27779968e+02, 1.92672394e+02, 6.28390686e+02, 1.54056290e+02,
       6.28807556e+02, 4.68010437e+02, 5.83457092e+02, 4.27760040e+02,
       5.84096497e+02, 3.87916962e+02, 5.84626465e+02, 3.48328674e+02,
       5.85352844e+02, 3.09008453e+02, 5.85869995e+02, 2.69896149e+02,
       5.86532166e+02, 2.31058319e+02, 5.87267212e+02, 1.92241013e+02,
       5.87740234e+02, 1.53538406e+02, 5.88445618e+02, 4.67766113e+02,
       5.41912109e+02, 4.27617279e+02, 5.42616455e+02, 3.87725067e+02,
       5.43462097e+02, 3.48111206e+02, 5.44233459e+02, 3.08709564e+02,
       5.44859558e+02, 2.69573944e+02, 5.45592163e+02, 2.30694550e+02,
       5.46441467e+02, 1.91776199e+02, 5.47168091e+02, 1.53065216e+02,
       5.47774780e+02 ]
