%YAML:1.0
---
image_points: !!opencv-matrix
   rows: 54
   cols: 2
   dt: f
   data: [ 1.18725891e+03, 7.93539246e+02, 1.14566711e+03,
       7.94470337e+02, 1.10434119e+03, 7.95384583e+02, 1.06302234e+03,
       7.96257385e+02, 1.02176581e+03, 7.97026367e+02, 9.80650696e+02,
       7.97783081e+02, 9.39710449e+02, 7.98565430e+02, 8.98700623e+02,
       7.99275879e+02, 8.57979248e+02, 7.99902527e+02, 1.18643848e+03,
       7.52505005e+02, 1.14480505e+03, 7.53461365e+02, 1.10345642e+03,
       7.54381775e+02, 1.06211536e+03, 7.55306396e+02, 1.02079346e+03,
       7.56189697e+02, 9.79600403e+02, 7.57041992e+02, 9.38609253e+02,
       7.57784912e+02, 8.97607300e+02, 7.58607971e+02, 8.56780273e+02,
       7.59355347e+02, 1.18556079e+03, 7.11074158e+02, 1.14395068e+03,
       7.12082275e+02, 1.10254675e+03, 7.13067749e+02, 1.06113867e+03,
       7.14037720e+02, 1.01977075e+03, 7.14941895e+02, 9.78557068e+02,
       7.15882629e+02, 9.37557129e+02, 7.16752747e+02, 8.96510803e+02,
       7.17618774e+02, 8.55620728e+02, 7.18488098e+02, 1.18464722e+03,
       6.69644958e+02, 1.14305273e+03, 6.70703003e+02, 1.10157385e+03,
       6.71689758e+02, 1.06017236e+03, 6.72709717e+02, 1.01877484e+03,
       6.73723633e+02, 9.77524231e+02, 6.74703857e+02, 9.36438110e+02,
       6.75671875e+02, 8.95400635e+02, 6.76620300e+02, 8.54458801e+02,
       6.77533264e+02, 1.18366431e+03, 6.28311829e+02, 1.14207007e+03,
       6.29361023e+02, 1.10057300e+03, 6.30423767e+02, 1.05917029e+03,
       6.31466675e+02, 1.01773383e+03, 6.32527405e+02, 9.76461487e+02,
       6.33560669e+02, 9.35384460e+02, 6.34611877e+02, 8.94259766e+02,
       6.35616028e+02, 8.53327515e+02, 6.36637878e+02, 1.18262561e+03,
       5.86638062e+02, 1.14103003e+03, 5.87732239e+02, 1.09956104e+03,
       5.88853943e+02, 1.05809753e+03, 5.89963684e+02, 1.01666815e+03,
       5.91145386e+02, 9.75413696e+02, 5.92232300e+02, 9.34268921e+02,
       5.93343994e+02, 8.93115967e+02, 5.94435181e+02, 8.52162048e+02,
       5.95541687e+02 ]
