%YAML:1.0
---
image_points: !!opencv-matrix
   rows: 54
   cols: 2
   dt: f
   data: [ 1.25717908e+03, 9.50481018e+02, 1.21774707e+03,
       9.52738831e+02, 1.17847241e+03, 9.55003906e+02, 1.13913708e+03,
       9.57268494e+02, 1.09963330e+03, 9.59393066e+02, 1.06026270e+03,
       9.61458435e+02, 1.02073083e+03, 9.63487183e+02, 9.81213928e+02,
       9.65459717e+02, 9.41619812e+02, 9.67382813e+02, 1.25551050e+03,
       9.11562012e+02, 1.21614807e+03, 9.13814636e+02, 1.17671765e+03,
       9.16078064e+02, 1.13736462e+03, 9.18333496e+02, 1.09782227e+03,
       9.20450500e+02, 1.05835059e+03, 9.22542480e+02, 1.01880554e+03,
       9.24544495e+02, 9.79259399e+02, 9.26556702e+02, 9.39583496e+02,
       9.28454651e+02, 1.25377307e+03, 8.72309448e+02, 1.21442395e+03,
       8.74534790e+02, 1.17504688e+03, 8.76772034e+02, 1.13551379e+03,
       8.78982727e+02, 1.09599133e+03, 8.81157593e+02, 1.05644971e+03,
       8.83291565e+02, 1.01686847e+03, 8.85341614e+02, 9.77263977e+02,
       8.87320801e+02, 9.37558472e+02, 8.89238647e+02, 1.25208264e+03,
       8.32926453e+02, 1.21263159e+03, 8.35299744e+02, 1.17325024e+03,
       8.37475281e+02, 1.13365881e+03, 8.39658386e+02, 1.09417554e+03,
       8.41782654e+02, 1.05453784e+03, 8.43897278e+02, 1.01489581e+03,
       8.45988098e+02, 9.75259949e+02, 8.47970459e+02, 9.35502625e+02,
       8.49907837e+02, 1.25029553e+03, 7.93592285e+02, 1.21077576e+03,
       7.95835632e+02, 1.17141003e+03, 7.98129089e+02, 1.13180737e+03,
       8.00333618e+02, 1.09229871e+03, 8.02469543e+02, 1.05255957e+03,
       8.04571350e+02, 1.01298474e+03, 8.06637634e+02, 9.73214844e+02,
       8.08650452e+02, 9.33460938e+02, 8.10644714e+02, 1.24843066e+03,
       7.53986877e+02, 1.20891772e+03, 7.56267639e+02, 1.16950598e+03,
       7.58478821e+02, 1.12991931e+03, 7.60639709e+02, 1.09036707e+03,
       7.62810425e+02, 1.05064075e+03, 7.64934448e+02, 1.01095746e+03,
       7.67054443e+02, 9.71205200e+02, 7.69130737e+02, 9.31389526e+02,
       7.71130676e+02 ]
