%YAML:1.0
---
image_points: !!opencv-matrix
   rows: 54
   cols: 2
   dt: f
   data: [ 1.14200073e+03, 8.13361816e+02, 1.10133093e+03,
       8.13230042e+02, 1.06063062e+03, 8.13041260e+02, 1.01994104e+03,
       8.12821960e+02, 9.79296265e+02, 8.12587036e+02, 9.38522461e+02,
       8.12323730e+02, 8.97881592e+02, 8.11987122e+02, 8.57083374e+02,
       8.11603699e+02, 8.16414185e+02, 8.11270874e+02, 1.14253357e+03,
       7.72985291e+02, 1.10175000e+03, 7.72816406e+02, 1.06109570e+03,
       7.72614624e+02, 1.02035620e+03, 7.72450989e+02, 9.79557800e+02,
       7.72207581e+02, 9.38721008e+02, 7.71894348e+02, 8.98089539e+02,
       7.71582214e+02, 8.57273743e+02, 7.71302673e+02, 8.16490479e+02,
       7.70838989e+02, 1.14297754e+03, 7.32313965e+02, 1.10225403e+03,
       7.32112427e+02, 1.06151709e+03, 7.31895508e+02, 1.02064056e+03,
       7.31662903e+02, 9.79841309e+02, 7.31444946e+02, 9.39061951e+02,
       7.31226685e+02, 8.98330383e+02, 7.30867126e+02, 8.57432251e+02,
       7.30551697e+02, 8.16625122e+02, 7.30242310e+02, 1.14342615e+03,
       6.91567383e+02, 1.10262000e+03, 6.91428528e+02, 1.06185535e+03,
       6.91161377e+02, 1.02101794e+03, 6.90914063e+02, 9.80219788e+02,
       6.90666931e+02, 9.39341248e+02, 6.90424866e+02, 8.98498840e+02,
       6.90189636e+02, 8.57591125e+02, 6.89793640e+02, 8.16732727e+02,
       6.89490112e+02, 1.14377246e+03, 6.50854736e+02, 1.10296887e+03,
       6.50624939e+02, 1.06224072e+03, 6.50438782e+02, 1.02138971e+03,
       6.50190308e+02, 9.80479065e+02, 6.49893494e+02, 9.39548218e+02,
       6.49640442e+02, 8.98724609e+02, 6.49426025e+02, 8.57752014e+02,
       6.49124634e+02, 8.16867737e+02, 6.48786743e+02, 1.14414954e+03,
       6.09897827e+02, 1.10334290e+03, 6.09647156e+02, 1.06253040e+03,
       6.09438110e+02, 1.02164612e+03, 6.09218323e+02, 9.80741272e+02,
       6.08920715e+02, 9.39818787e+02, 6.08656494e+02, 8.98956421e+02,
       6.08446655e+02, 8.57987427e+02, 6.08202393e+02, 8.17100281e+02,
       6.07878906e+02 ]
