%YAML:1.0
---
image_points: !!opencv-matrix
   rows: 54
   cols: 2
   dt: f
   data: [ 1.62861438e+03, 6.97407471e+02, 1.57875452e+03,
       7.05382935e+02, 1.53015369e+03, 7.13225952e+02, 1.48254004e+03,
       7.20747375e+02, 1.43602917e+03, 7.28254700e+02, 1.39050903e+03,
       7.35531433e+02, 1.34607532e+03, 7.42629272e+02, 1.30243481e+03,
       7.49605713e+02, 1.25974780e+03, 7.56435425e+02, 1.62023596e+03,
       6.54928711e+02, 1.57132239e+03, 6.63376343e+02, 1.52356946e+03,
       6.71535583e+02, 1.47684888e+03, 6.79533020e+02, 1.43120935e+03,
       6.87420288e+02, 1.38644312e+03, 6.95129028e+02, 1.34273364e+03,
       7.02605103e+02, 1.29983203e+03, 7.09945679e+02, 1.25792590e+03,
       7.17228271e+02, 1.61179077e+03, 6.13650696e+02, 1.56388721e+03,
       6.22505737e+02, 1.51707861e+03, 6.30989136e+02, 1.47123792e+03,
       6.39377258e+02, 1.42635010e+03, 6.47587280e+02, 1.38240137e+03,
       6.55627747e+02, 1.33946021e+03, 6.63515686e+02, 1.29729858e+03,
       6.71292725e+02, 1.25603992e+03, 6.78807678e+02, 1.60369385e+03,
       5.73847290e+02, 1.55661035e+03, 5.82988647e+02, 1.51062451e+03,
       5.91781860e+02, 1.46557520e+03, 6.00513245e+02, 1.42151355e+03,
       6.09066528e+02, 1.37833789e+03, 6.17385010e+02, 1.33609045e+03,
       6.25594666e+02, 1.29459314e+03, 6.33637573e+02, 1.25401428e+03,
       6.41562561e+02, 1.59568042e+03, 5.35450256e+02, 1.54948352e+03,
       5.44767822e+02, 1.50431885e+03, 5.53865234e+02, 1.46005029e+03,
       5.62803345e+02, 1.41667725e+03, 5.71597961e+02, 1.37425562e+03,
       5.80315125e+02, 1.33266956e+03, 5.88735229e+02, 1.29185046e+03,
       5.97139282e+02, 1.25190381e+03, 6.05330688e+02, 1.58774658e+03,
       4.97973541e+02, 1.54239563e+03, 5.07598999e+02, 1.49804285e+03,
       5.16968018e+02, 1.45449536e+03, 5.26165771e+02, 1.41189307e+03,
       5.35228455e+02, 1.37016431e+03, 5.44108032e+02, 1.32934192e+03,
       5.52828369e+02, 1.28910742e+03, 5.61457825e+02, 1.24974683e+03,
       5.69892578e+02 ]
