%YAML:1.0
---
image_points: !!opencv-matrix
   rows: 54
   cols: 2
   dt: f
   data: [ 9.39872253e+02, 5.19448914e+02, 8.96202148e+02,
       5.19774780e+02, 8.52644531e+02, 5.20226624e+02, 8.09416504e+02,
       5.20575317e+02, 7.66382080e+02, 5.21026794e+02, 7.23552795e+02,
       5.21455811e+02, 6.81092712e+02, 5.21909180e+02, 6.38589111e+02,
       5.22407288e+02, 5.96473022e+02, 5.22877869e+02, 9.39667725e+02,
       4.76156372e+02, 8.96062378e+02, 4.76515900e+02, 8.52608765e+02,
       4.76953888e+02, 8.09396240e+02, 4.77463898e+02, 7.66391846e+02,
       4.77996765e+02, 7.23601685e+02, 4.78527588e+02, 6.81228088e+02,
       4.79160065e+02, 6.38791504e+02, 4.79694946e+02, 5.96750793e+02,
       4.80366089e+02, 9.39487244e+02, 4.32696320e+02, 8.95930908e+02,
       4.33222168e+02, 8.52571350e+02, 4.33664612e+02, 8.09408936e+02,
       4.34294769e+02, 7.66494385e+02, 4.34869110e+02, 7.23762573e+02,
       4.35521301e+02, 6.81422241e+02, 4.36254639e+02, 6.39150513e+02,
       4.36931763e+02, 5.97156738e+02, 4.37648590e+02, 9.39346680e+02,
       3.89629120e+02, 8.95783264e+02, 3.90208801e+02, 8.52553223e+02,
       3.90659821e+02, 8.09446777e+02, 3.91382721e+02, 7.66584717e+02,
       3.92082214e+02, 7.23974609e+02, 3.92752228e+02, 6.81612366e+02,
       3.93558044e+02, 6.39437317e+02, 3.94397827e+02, 5.97445740e+02,
       3.95274994e+02, 9.39133423e+02, 3.46878845e+02, 8.95630066e+02,
       3.47419159e+02, 8.52476624e+02, 3.48052856e+02, 8.09526184e+02,
       3.48668762e+02, 7.66691467e+02, 3.49470459e+02, 7.24167480e+02,
       3.50307129e+02, 6.81904053e+02, 3.51215057e+02, 6.39689270e+02,
       3.52108521e+02, 5.97777161e+02, 3.52998322e+02, 9.38858276e+02,
       3.04179047e+02, 8.95606750e+02, 3.04709259e+02, 8.52537231e+02,
       3.05432373e+02, 8.09579224e+02, 3.06165527e+02, 7.66849915e+02,
       3.06891113e+02, 7.24405151e+02, 3.07836670e+02, 6.82181091e+02,
       3.08714752e+02, 6.40083679e+02, 3.09679291e+02, 5.98263245e+02,
       3.10766724e+02 ]
