%YAML:1.0
---
image_points: !!opencv-matrix
   rows: 54
   cols: 2
   dt: f
   data: [ 6.29567505e+02, 5.26532227e+02, 5.88103210e+02,
       5.30784058e+02, 5.46996155e+02, 5.35141907e+02, 5.06206909e+02,
       5.39394470e+02, 4.65655823e+02, 5.43569824e+02, 4.25483521e+02,
       5.47777039e+02, 3.85574066e+02, 5.52069946e+02, 3.45703033e+02,
       5.56314453e+02, 3.06182404e+02, 5.60441650e+02, 6.25830017e+02,
       4.84535706e+02, 5.84432556e+02, 4.88892090e+02, 5.43384033e+02,
       4.93328094e+02, 5.02552795e+02, 4.97620270e+02, 4.62162537e+02,
       5.02053131e+02, 4.21929291e+02, 5.06413544e+02, 3.82129639e+02,
       5.10661499e+02, 3.42336975e+02, 5.15060425e+02, 3.02782166e+02,
       5.19391357e+02, 6.22262512e+02, 4.42425415e+02, 5.80843994e+02,
       4.46906189e+02, 5.39807739e+02, 4.51402618e+02, 4.99066711e+02,
       4.55845978e+02, 4.58662964e+02, 4.60378082e+02, 4.18527130e+02,
       4.64782379e+02, 3.78697632e+02, 4.69300568e+02, 3.38987305e+02,
       4.73686707e+02, 2.99540619e+02, 4.78180664e+02, 6.18667358e+02,
       4.00614319e+02, 5.77385376e+02, 4.05192444e+02, 5.36396729e+02,
       4.09687622e+02, 4.95641205e+02, 4.14350311e+02, 4.55333496e+02,
       4.18876434e+02, 4.15177429e+02, 4.23465790e+02, 3.75349152e+02,
       4.28064270e+02, 3.35616638e+02, 4.32563965e+02, 2.96220520e+02,
       4.37170929e+02, 6.15282410e+02, 3.59079285e+02, 5.73907166e+02,
       3.63640900e+02, 5.32985291e+02, 3.68323273e+02, 4.92327576e+02,
       3.72901642e+02, 4.51912933e+02, 3.77597748e+02, 4.11800934e+02,
       3.82329315e+02, 3.72031097e+02, 3.86940002e+02, 3.32357513e+02,
       3.91584503e+02, 2.92880524e+02, 3.96273865e+02, 6.11734314e+02,
       3.17486420e+02, 5.70568298e+02, 3.22180450e+02, 5.29629639e+02,
       3.26848511e+02, 4.88998260e+02, 3.31569427e+02, 4.48632141e+02,
       3.36376556e+02, 4.08543518e+02, 3.41102417e+02, 3.68751587e+02,
       3.45797424e+02, 3.29054565e+02, 3.50564697e+02, 2.89575439e+02,
       3.55354889e+02 ]
