%YAML:1.0
---
image_points: !!opencv-matrix
   rows: 54
   cols: 2
   dt: f
   data: [ 1.03471350e+03, 5.28224182e+02, 9.90912720e+02,
       5.27315369e+02, 9.47300476e+02, 5.26418884e+02, 9.03663086e+02,
       5.25551270e+02, 8.60248962e+02, 5.24694519e+02, 8.16852966e+02,
       5.23885986e+02, 7.73710999e+02, 5.23207336e+02, 7.30561951e+02,
       5.22399536e+02, 6.87643738e+02, 5.21642334e+02, 1.03557397e+03,
       4.84743225e+02, 9.91789001e+02, 4.83843079e+02, 9.48203186e+02,
       4.83016113e+02, 9.04590759e+02, 4.82206604e+02, 8.61202759e+02,
       4.81426727e+02, 8.17801392e+02, 4.80665131e+02, 7.74706482e+02,
       4.80010284e+02, 7.31625732e+02, 4.79348297e+02, 6.88737244e+02,
       4.78625397e+02, 1.03646216e+03, 4.41207733e+02, 9.92701599e+02,
       4.40356598e+02, 9.49122681e+02, 4.39483765e+02, 9.05561035e+02,
       4.38693420e+02, 8.62222778e+02, 4.38029327e+02, 8.18874023e+02,
       4.37361298e+02, 7.75803528e+02, 4.36691681e+02, 7.32739746e+02,
       4.36161407e+02, 6.89928650e+02, 4.35563019e+02, 1.03730286e+03,
       3.97879150e+02, 9.93576721e+02, 3.97072845e+02, 9.50054138e+02,
       3.96237152e+02, 9.06529541e+02, 3.95474487e+02, 8.63254150e+02,
       3.94785553e+02, 8.19971375e+02, 3.94222534e+02, 7.76878662e+02,
       3.93596069e+02, 7.33923401e+02, 3.93159912e+02, 6.91128052e+02,
       3.92599091e+02, 1.03802893e+03, 3.54835815e+02, 9.94438171e+02,
       3.53990234e+02, 9.50917786e+02, 3.53227386e+02, 9.07525879e+02,
       3.52452362e+02, 8.64265991e+02, 3.51796539e+02, 8.21015076e+02,
       3.51268677e+02, 7.78091309e+02, 3.50702484e+02, 7.35095154e+02,
       3.50330475e+02, 6.92279724e+02, 3.49819305e+02, 1.03873218e+03,
       3.11794556e+02, 9.95316772e+02, 3.10975403e+02, 9.51873535e+02,
       3.10214081e+02, 9.08515808e+02, 3.09444000e+02, 8.65289246e+02,
       3.08844391e+02, 8.22162415e+02, 3.08342896e+02, 7.79195557e+02,
       3.07776917e+02, 7.36307617e+02, 3.07415283e+02, 6.93531494e+02,
       3.07185455e+02 ]
