%YAML:1.0
---
image_points: !!opencv-matrix
   rows: 54
   cols: 2
   dt: f
   data: [ 7.25455688e+02, 1.10642969e+03, 6.87439148e+02,
       1.10424280e+03, 6.49709290e+02, 1.10187378e+03, 6.12265747e+02,
       1.09959290e+03, 5.74878052e+02, 1.09727222e+03, 5.37794617e+02,
       1.09479260e+03, 5.00973236e+02, 1.09243848e+03, 4.64224548e+02,
       1.08992529e+03, 4.27586914e+02, 1.08748914e+03, 7.26491211e+02,
       1.06883240e+03, 6.88462891e+02, 1.06665515e+03, 6.50672058e+02,
       1.06447009e+03, 6.13188110e+02, 1.06226697e+03, 5.75773193e+02,
       1.05986243e+03, 5.38656555e+02, 1.05756482e+03, 5.01790527e+02,
       1.05523169e+03, 4.65014191e+02, 1.05276074e+03, 4.28464691e+02,
       1.05039001e+03, 7.27569397e+02, 1.03090210e+03, 6.89519043e+02,
       1.02877771e+03, 6.51654480e+02, 1.02665649e+03, 6.14111816e+02,
       1.02451514e+03, 5.76676941e+02, 1.02229919e+03, 5.39564392e+02,
       1.02002264e+03, 5.02660095e+02, 1.01766278e+03, 4.65821259e+02,
       1.01541687e+03, 4.29333496e+02, 1.01308160e+03, 7.28650513e+02,
       9.92962280e+02, 6.90536011e+02, 9.90919678e+02, 6.52653992e+02,
       9.88827759e+02, 6.15064636e+02, 9.86707703e+02, 5.77622620e+02,
       9.84612183e+02, 5.40454285e+02, 9.82442017e+02, 5.03486847e+02,
       9.80285950e+02, 4.66637604e+02, 9.77951965e+02, 4.30029022e+02,
       9.75682861e+02, 7.29755371e+02, 9.54919922e+02, 6.91585938e+02,
       9.52965637e+02, 6.53669434e+02, 9.51007080e+02, 6.16024536e+02,
       9.48942322e+02, 5.78543152e+02, 9.46876526e+02, 5.41332947e+02,
       9.44766602e+02, 5.04356995e+02, 9.42679321e+02, 4.67428101e+02,
       9.40545105e+02, 4.30704041e+02, 9.38431152e+02, 7.30923828e+02,
       9.16595276e+02, 6.92695251e+02, 9.14689636e+02, 6.54754333e+02,
       9.12788696e+02, 6.17034058e+02, 9.10869446e+02, 5.79492493e+02,
       9.08950439e+02, 5.42238281e+02, 9.06926025e+02, 5.05219757e+02,
       9.04906494e+02, 4.68235535e+02, 9.02849731e+02, 4.31494049e+02,
       9.00777527e+02 ]
