%YAML:1.0
---
image_points: !!opencv-matrix
   rows: 54
   cols: 2
   dt: f
   data: [ 1.50671326e+03, 8.57621277e+02, 1.46404138e+03,
       8.55929443e+02, 1.42154358e+03, 8.54302246e+02, 1.37923682e+03,
       8.52548035e+02, 1.33696667e+03, 8.50773132e+02, 1.29486951e+03,
       8.49031799e+02, 1.25300012e+03, 8.47302429e+02, 1.21109827e+03,
       8.45461731e+02, 1.16942932e+03, 8.43598816e+02, 1.50848718e+03,
       8.15728027e+02, 1.46572742e+03, 8.14212463e+02, 1.42327563e+03,
       8.12553467e+02, 1.38084961e+03, 8.10927429e+02, 1.33861853e+03,
       8.09360229e+02, 1.29646985e+03, 8.07664001e+02, 1.25454993e+03,
       8.05993103e+02, 1.21260413e+03, 8.04359985e+02, 1.17080432e+03,
       8.02563599e+02, 1.51015125e+03, 7.73561584e+02, 1.46741577e+03,
       7.72088379e+02, 1.42487146e+03, 7.70566040e+02, 1.38246375e+03,
       7.69088745e+02, 1.34019690e+03, 7.67537659e+02, 1.29800842e+03,
       7.66015503e+02, 1.25604382e+03, 7.64446045e+02, 1.21406909e+03,
       7.62823181e+02, 1.17233020e+03, 7.61270325e+02, 1.51163281e+03,
       7.31413513e+02, 1.46887097e+03, 7.30000916e+02, 1.42642334e+03,
       7.28547424e+02, 1.38395947e+03, 7.27198975e+02, 1.34167346e+03,
       7.25697876e+02, 1.29951965e+03, 7.24309570e+02, 1.25748718e+03,
       7.22810913e+02, 1.21551123e+03, 7.21387756e+02, 1.17363196e+03,
       7.19849976e+02, 1.51302454e+03, 6.89297424e+02, 1.47034387e+03,
       6.87897156e+02, 1.42778101e+03, 6.86584351e+02, 1.38540857e+03,
       6.85294434e+02, 1.34311682e+03, 6.83919373e+02, 1.30083276e+03,
       6.82569702e+02, 1.25883606e+03, 6.81333740e+02, 1.21680005e+03,
       6.79870728e+02, 1.17495544e+03, 6.78548645e+02, 1.51435388e+03,
       6.46818787e+02, 1.47160022e+03, 6.45608521e+02, 1.42914575e+03,
       6.44428955e+02, 1.38669861e+03, 6.43207703e+02, 1.34445935e+03,
       6.41934387e+02, 1.30224146e+03, 6.40681274e+02, 1.26019202e+03,
       6.39477417e+02, 1.21814319e+03, 6.38292053e+02, 1.17629529e+03,
       6.37006592e+02 ]
