%YAML:1.0
---
image_points: !!opencv-matrix
   rows: 54
   cols: 2
   dt: f
   data: [ 7.24159424e+02, 4.05865082e+02, 6.78695679e+02,
       4.06140015e+02, 6.33615112e+02, 4.06444153e+02, 5.88829895e+02,
       4.06653992e+02, 5.44433960e+02, 4.07045349e+02, 5.00298462e+02,
       4.07444489e+02, 4.56483368e+02, 4.07712708e+02, 4.12756042e+02,
       4.08227936e+02, 3.69441498e+02, 4.08523315e+02, 7.26722229e+02,
       3.64303802e+02, 6.81707764e+02, 3.64548737e+02, 6.37154236e+02,
       3.64896271e+02, 5.92676392e+02, 3.65284637e+02, 5.48643250e+02,
       3.65666290e+02, 5.04814392e+02, 3.66225739e+02, 4.61478363e+02,
       3.66623962e+02, 4.18186340e+02, 3.67205841e+02, 3.75218323e+02,
       3.67609131e+02, 7.29300049e+02, 3.23246552e+02, 6.84730347e+02,
       3.23633820e+02, 6.40510071e+02, 3.24015717e+02, 5.96532471e+02,
       3.24464203e+02, 5.52865356e+02, 3.24982697e+02, 5.09504883e+02,
       3.25521729e+02, 4.66468750e+02, 3.26116638e+02, 4.23515320e+02,
       3.26603180e+02, 3.80817932e+02, 3.27300720e+02, 7.31861755e+02,
       2.83297699e+02, 6.87685303e+02, 2.83636444e+02, 6.43937622e+02,
       2.84086426e+02, 6.00373047e+02, 2.84548065e+02, 5.57158264e+02,
       2.85163208e+02, 5.14045227e+02, 2.85616699e+02, 4.71347351e+02,
       2.86344788e+02, 4.28681396e+02, 2.86841827e+02, 3.86375031e+02,
       2.87506348e+02, 7.34462708e+02, 2.44259705e+02, 6.90700012e+02,
       2.44573807e+02, 6.47331482e+02, 2.45008591e+02, 6.04143494e+02,
       2.45464783e+02, 5.61220947e+02, 2.46034760e+02, 5.18497742e+02,
       2.46605957e+02, 4.76149200e+02, 2.47306610e+02, 4.33811310e+02,
       2.47845901e+02, 3.91757629e+02, 2.48528229e+02, 7.36992920e+02,
       2.05696915e+02, 6.93638611e+02, 2.06197510e+02, 6.50640747e+02,
       2.06555588e+02, 6.07791870e+02, 2.07068741e+02, 5.65325500e+02,
       2.07581238e+02, 5.22912659e+02, 2.08263947e+02, 4.80898132e+02,
       2.08792953e+02, 4.38880188e+02, 2.09488022e+02, 3.97181549e+02,
       2.10246017e+02 ]
