%YAML:1.0
---
image_points: !!opencv-matrix
   rows: 54
   cols: 2
   dt: f
   data: [ 1.17728833e+03, 6.64476807e+02, 1.13577795e+03,
       6.64206421e+02, 1.09444934e+03, 6.63866516e+02, 1.05316321e+03,
       6.63600891e+02, 1.01182825e+03, 6.63324402e+02, 9.70658875e+02,
       6.62990967e+02, 9.29634399e+02, 6.62666077e+02, 8.88516785e+02,
       6.62358215e+02, 8.47627930e+02, 6.62005676e+02, 1.17756946e+03,
       6.23289673e+02, 1.13612573e+03, 6.22963379e+02, 1.09472021e+03,
       6.22662476e+02, 1.05341394e+03, 6.22437317e+02, 1.01215466e+03,
       6.22208496e+02, 9.70859680e+02, 6.21937439e+02, 9.29813416e+02,
       6.21648010e+02, 8.88732056e+02, 6.21443726e+02, 8.47802368e+02,
       6.21188843e+02, 1.17780884e+03, 5.81748352e+02, 1.13638965e+03,
       5.81507263e+02, 1.09502759e+03, 5.81314331e+02, 1.05363000e+03,
       5.81087708e+02, 1.01240332e+03, 5.80825806e+02, 9.71197083e+02,
       5.80639343e+02, 9.30140320e+02, 5.80461975e+02, 8.88991699e+02,
       5.80304138e+02, 8.48083313e+02, 5.80116516e+02, 1.17801892e+03,
       5.40454529e+02, 1.13659570e+03, 5.40246643e+02, 1.09527332e+03,
       5.39960632e+02, 1.05388123e+03, 5.39748047e+02, 1.01261145e+03,
       5.39577515e+02, 9.71413147e+02, 5.39421814e+02, 9.30336426e+02,
       5.39315186e+02, 8.89262512e+02, 5.39199158e+02, 8.48271973e+02,
       5.39061279e+02, 1.17819995e+03, 4.99253876e+02, 1.13669897e+03,
       4.98966431e+02, 1.09544958e+03, 4.98748749e+02, 1.05413611e+03,
       4.98564453e+02, 1.01280591e+03, 4.98438446e+02, 9.71586548e+02,
       4.98338318e+02, 9.30544983e+02, 4.98266602e+02, 8.89444946e+02,
       4.98169281e+02, 8.48444031e+02, 4.98156708e+02, 1.17829114e+03,
       4.57817566e+02, 1.13685400e+03, 4.57620361e+02, 1.09559558e+03,
       4.57443146e+02, 1.05432153e+03, 4.57293274e+02, 1.01304883e+03,
       4.57210876e+02, 9.71787842e+02, 4.57106476e+02, 9.30707581e+02,
       4.57072418e+02, 8.89618225e+02, 4.57027374e+02, 8.48625549e+02,
       4.57088013e+02 ]
