%YAML:1.0
---
image_points: !!opencv-matrix
   rows: 54
   cols: 2
   dt: f
   data: [ 1.26962244e+03, 7.95351868e+02, 1.22881604e+03,
       7.97077026e+02, 1.18941833e+03, 7.98696594e+02, 1.15102368e+03,
       8.00308167e+02, 1.11378687e+03, 8.01715149e+02, 1.07769568e+03,
       8.03187561e+02, 1.04269250e+03, 8.04510681e+02, 1.00861322e+03,
       8.05727173e+02, 9.75582764e+02, 8.06891296e+02, 1.26736841e+03,
       7.52016846e+02, 1.22675183e+03, 7.54420593e+02, 1.18751807e+03,
       7.56638855e+02, 1.14937598e+03, 7.58829346e+02, 1.11235754e+03,
       7.60961426e+02, 1.07640210e+03, 7.62998230e+02, 1.04156836e+03,
       7.64895142e+02, 1.00760291e+03, 7.66742737e+02, 9.74731201e+02,
       7.68557678e+02, 1.26489990e+03, 7.08697021e+02, 1.22465540e+03,
       7.11738770e+02, 1.18555310e+03, 7.14677795e+02, 1.14754565e+03,
       7.17534119e+02, 1.11071643e+03, 7.20290833e+02, 1.07498254e+03,
       7.22856201e+02, 1.04036719e+03, 7.25414124e+02, 1.00655243e+03,
       7.27826477e+02, 9.73791870e+02, 7.30245178e+02, 1.26250903e+03,
       6.65884399e+02, 1.22242468e+03, 6.69574158e+02, 1.18351379e+03,
       6.73157471e+02, 1.14567468e+03, 6.76567993e+02, 1.10908862e+03,
       6.79882202e+02, 1.07347961e+03, 6.83140442e+02, 1.03890662e+03,
       6.86261169e+02, 1.00535254e+03, 6.89242737e+02, 9.72663696e+02,
       6.92183411e+02, 1.25997424e+03, 6.23525024e+02, 1.22009106e+03,
       6.27811157e+02, 1.18138940e+03, 6.31947876e+02, 1.14370667e+03,
       6.35939026e+02, 1.10731201e+03, 6.39847778e+02, 1.07177869e+03,
       6.43658386e+02, 1.03746460e+03, 6.47380188e+02, 1.00394525e+03,
       6.50929626e+02, 9.71473755e+02, 6.54434937e+02, 1.25736072e+03,
       5.81332581e+02, 1.21766968e+03, 5.86240112e+02, 1.17917285e+03,
       5.90956665e+02, 1.14168372e+03, 5.95548889e+02, 1.10540356e+03,
       6.00067322e+02, 1.07009546e+03, 6.04415771e+02, 1.03587708e+03,
       6.08642212e+02, 1.00251740e+03, 6.12753784e+02, 9.70163025e+02,
       6.16768372e+02 ]
