%YAML:1.0
---
image_points: !!opencv-matrix
   rows: 54
   cols: 2
   dt: f
   data: [ 6.28434631e+02, 7.81082275e+02, 5.88178406e+02,
       7.82203857e+02, 5.48278809e+02, 7.83268433e+02, 5.08579010e+02,
       7.84320251e+02, 4.69278564e+02, 7.85310852e+02, 4.30186737e+02,
       7.86323730e+02, 3.91375000e+02, 7.87333984e+02, 3.52567596e+02,
       7.88329834e+02, 3.14091614e+02, 7.89317261e+02, 6.26739075e+02,
       7.40328186e+02, 5.86485718e+02, 7.41455139e+02, 5.46563171e+02,
       7.42570251e+02, 5.06882568e+02, 7.43697205e+02, 4.67535004e+02,
       7.44851135e+02, 4.28437988e+02, 7.46053040e+02, 3.89632599e+02,
       7.47196411e+02, 3.50899780e+02, 7.48296082e+02, 3.12461884e+02,
       7.49365479e+02, 6.25199768e+02, 6.99212463e+02, 5.84900818e+02,
       7.00479858e+02, 5.44951355e+02, 7.01676636e+02, 5.05280579e+02,
       7.03019592e+02, 4.65939209e+02, 7.04328430e+02, 4.26800995e+02,
       7.05516907e+02, 3.88072510e+02, 7.06651062e+02, 3.49349243e+02,
       7.07922485e+02, 3.10869171e+02, 7.09224365e+02, 6.23626221e+02,
       6.58212830e+02, 5.83390747e+02, 6.59537292e+02, 5.43431335e+02,
       6.60891296e+02, 5.03700043e+02, 6.62377808e+02, 4.64418030e+02,
       6.63651978e+02, 4.25271973e+02, 6.65086792e+02, 3.86430817e+02,
       6.66444580e+02, 3.47702484e+02, 6.67641663e+02, 3.09278748e+02,
       6.69097046e+02, 6.22250916e+02, 6.17271667e+02, 5.81892395e+02,
       6.18650574e+02, 5.41918457e+02, 6.20267700e+02, 5.02307709e+02,
       6.21610840e+02, 4.62854370e+02, 6.23228638e+02, 4.23693512e+02,
       6.24591553e+02, 3.84868164e+02, 6.26187317e+02, 3.46193573e+02,
       6.27531921e+02, 3.07629120e+02, 6.29037842e+02, 6.20765625e+02,
       5.76119507e+02, 5.80523499e+02, 5.77629211e+02, 5.40549316e+02,
       5.79345459e+02, 5.00809052e+02, 5.80842468e+02, 4.61418671e+02,
       5.82493347e+02, 4.22291321e+02, 5.84129944e+02, 3.83455627e+02,
       5.85611633e+02, 3.44605957e+02, 5.87309814e+02, 3.06150665e+02,
       5.88730347e+02 ]
