%YAML:1.0
---
image_points: !!opencv-matrix
   rows: 54
   cols: 2
   dt: f
   data: [ 1.05871008e+03, 3.64142731e+02, 1.01281653e+03,
       3.65177948e+02, 9.67147095e+02, 3.66356506e+02, 9.21525635e+02,
       3.67458405e+02, 8.76169250e+02, 3.68690033e+02, 8.30861084e+02,
       3.70044556e+02, 7.85877991e+02, 3.71313568e+02, 7.40971619e+02,
       3.72635712e+02, 6.96309692e+02, 3.74092987e+02, 1.05737231e+03,
       3.23301849e+02, 1.01189514e+03, 3.24420898e+02, 9.66701904e+02,
       3.25525055e+02, 9.21553772e+02, 3.26713989e+02, 8.76643250e+02,
       3.27977539e+02, 8.31789734e+02, 3.29383667e+02, 7.87384705e+02,
       3.30753265e+02, 7.42834290e+02, 3.32245331e+02, 6.98686707e+02,
       3.33664520e+02, 1.05586914e+03, 2.83199341e+02, 1.01100995e+03,
       2.84348572e+02, 9.66277710e+02, 2.85434174e+02, 9.21604431e+02,
       2.86605011e+02, 8.77193298e+02, 2.87976166e+02, 8.32797363e+02,
       2.89381317e+02, 7.88745544e+02, 2.90777588e+02, 7.44760925e+02,
       2.92324951e+02, 7.01071289e+02, 2.93848846e+02, 1.05451660e+03,
       2.44140717e+02, 1.01009235e+03, 2.45217422e+02, 9.65791809e+02,
       2.46307571e+02, 9.21642578e+02, 2.47499191e+02, 8.77657349e+02,
       2.48890823e+02, 8.33725952e+02, 2.50268997e+02, 7.90264404e+02,
       2.51682343e+02, 7.46589233e+02, 2.53264008e+02, 7.03339661e+02,
       2.54744385e+02, 1.05312573e+03, 2.06003235e+02, 1.00921704e+03,
       2.07040985e+02, 9.65404724e+02, 2.08143188e+02, 9.21670044e+02,
       2.09277863e+02, 8.78212585e+02, 2.10574753e+02, 8.34697937e+02,
       2.12008347e+02, 7.91553589e+02, 2.13434738e+02, 7.48450378e+02,
       2.14995514e+02, 7.05517151e+02, 2.16548904e+02, 1.05166272e+03,
       1.68440384e+02, 1.00831262e+03, 1.69508301e+02, 9.64921570e+02,
       1.70572449e+02, 9.21664978e+02, 1.71699295e+02, 8.78593994e+02,
       1.73049774e+02, 8.35636353e+02, 1.74394012e+02, 7.92924316e+02,
       1.75871048e+02, 7.50247131e+02, 1.77399521e+02, 7.07666321e+02,
       1.79033371e+02 ]
