%YAML:1.0
---
image_points: !!opencv-matrix
   rows: 54
   cols: 2
   dt: f
   data: [ 6.27888184e+02, 1.10951868e+03, 5.90445007e+02,
       1.10761963e+03, 5.53371643e+02, 1.10567981e+03, 5.16469604e+02,
       1.10379614e+03, 4.79877655e+02, 1.10178052e+03, 4.43576050e+02,
       1.09980762e+03, 4.07565735e+02, 1.09783667e+03, 3.71600372e+02,
       1.09586755e+03, 3.35901855e+02, 1.09390552e+03, 6.28237488e+02,
       1.07170447e+03, 5.90663452e+02, 1.06987732e+03, 5.53561646e+02,
       1.06811475e+03, 5.16697571e+02, 1.06630518e+03, 4.80195831e+02,
       1.06441235e+03, 4.43796753e+02, 1.06250806e+03, 4.07803650e+02,
       1.06057532e+03, 3.71903839e+02, 1.05865039e+03, 3.36335693e+02,
       1.05671826e+03, 6.28492188e+02, 1.03357068e+03, 5.91039185e+02,
       1.03182983e+03, 5.53813110e+02, 1.03022925e+03, 5.16908752e+02,
       1.02846179e+03, 4.80440186e+02, 1.02659534e+03, 4.44121552e+02,
       1.02485303e+03, 4.08135101e+02, 1.02312378e+03, 3.72225342e+02,
       1.02133826e+03, 3.36585022e+02, 1.01947839e+03, 6.28773315e+02,
       9.95470032e+02, 5.91339844e+02, 9.93808350e+02, 5.54169922e+02,
       9.92295105e+02, 5.17261108e+02, 9.90590393e+02, 4.80637024e+02,
       9.88955688e+02, 4.44344391e+02, 9.87336609e+02, 4.08304993e+02,
       9.85604187e+02, 3.72416779e+02, 9.83849731e+02, 3.36666229e+02,
       9.82276001e+02, 6.29230774e+02, 9.57325134e+02, 5.91592041e+02,
       9.55757446e+02, 5.54424133e+02, 9.54379944e+02, 5.17482239e+02,
       9.52745117e+02, 4.80828918e+02, 9.51342041e+02, 4.44507813e+02,
       9.49683472e+02, 4.08453766e+02, 9.48253662e+02, 3.72534149e+02,
       9.46572571e+02, 3.36824402e+02, 9.45059326e+02, 6.29520752e+02,
       9.18789490e+02, 5.92026245e+02, 9.17502319e+02, 5.54709534e+02,
       9.16191467e+02, 5.17729065e+02, 9.14702637e+02, 4.81148804e+02,
       9.13415283e+02, 4.44688385e+02, 9.11916687e+02, 4.08641663e+02,
       9.10525330e+02, 3.72672211e+02, 9.09097595e+02, 3.37007996e+02,
       9.07593079e+02 ]
