%YAML:1.0
---
image_points: !!opencv-matrix
   rows: 54
   cols: 2
   dt: f
   data: [ 9.28439270e+02, 9.80324158e+02, 8.88176575e+02,
       9.80417969e+02, 8.48091492e+02, 9.80459534e+02, 8.08178406e+02,
       9.80442078e+02, 7.68404846e+02, 9.80323792e+02, 7.28737000e+02,
       9.80173706e+02, 6.89426636e+02, 9.79892517e+02, 6.50040100e+02,
       9.79623108e+02, 6.10838989e+02, 9.79390076e+02, 9.28010010e+02,
       9.40383789e+02, 8.87685608e+02, 9.40490906e+02, 8.47627563e+02,
       9.40556641e+02, 8.07671143e+02, 9.40593994e+02, 7.67947327e+02,
       9.40548950e+02, 7.28353210e+02, 9.40475830e+02, 6.88971985e+02,
       9.40333374e+02, 6.49595459e+02, 9.40126221e+02, 6.10507019e+02,
       9.39763672e+02, 9.27585022e+02, 9.00124207e+02, 8.87371765e+02,
       9.00323181e+02, 8.47306519e+02, 9.00464600e+02, 8.07322327e+02,
       9.00544861e+02, 7.67528259e+02, 9.00537231e+02, 7.27906250e+02,
       9.00541016e+02, 6.88562378e+02, 9.00455933e+02, 6.49284973e+02,
       9.00332764e+02, 6.10227478e+02, 9.00139771e+02, 9.27251709e+02,
       8.59906555e+02, 8.86925964e+02, 8.60223572e+02, 8.46826416e+02,
       8.60366150e+02, 8.06905273e+02, 8.60498291e+02, 7.67216858e+02,
       8.60599915e+02, 7.27543945e+02, 8.60603333e+02, 6.88208923e+02,
       8.60606140e+02, 6.48869202e+02, 8.60543518e+02, 6.09745911e+02,
       8.60465637e+02, 9.26778259e+02, 8.19755737e+02, 8.86536255e+02,
       8.20095581e+02, 8.46492493e+02, 8.20356750e+02, 8.06550964e+02,
       8.20514893e+02, 7.66751892e+02, 8.20633850e+02, 7.27196594e+02,
       8.20743042e+02, 6.87793213e+02, 8.20815857e+02, 6.48509094e+02,
       8.20819641e+02, 6.09446838e+02, 8.20814453e+02, 9.26411987e+02,
       7.79435730e+02, 8.86214966e+02, 7.79741699e+02, 8.46177124e+02,
       7.80087097e+02, 8.06245911e+02, 7.80366089e+02, 7.66435669e+02,
       7.80589111e+02, 7.26801514e+02, 7.80715210e+02, 6.87481079e+02,
       7.80888428e+02, 6.48204285e+02, 7.81056091e+02, 6.09134521e+02,
       7.81185730e+02 ]
