%YAML:1.0
---
image_points: !!opencv-matrix
   rows: 54
   cols: 2
   dt: f
   data: [ 1.18873254e+03, 5.19646179e+02, 1.14502917e+03,
       5.20758789e+02, 1.10139099e+03, 5.21915955e+02, 1.05770984e+03,
       5.23107727e+02, 1.01414355e+03, 5.24303650e+02, 9.70541138e+02,
       5.25484558e+02, 9.27180847e+02, 5.26724121e+02, 8.83582031e+02,
       5.28027649e+02, 8.40341248e+02, 5.29346558e+02, 1.18755054e+03,
       4.76188721e+02, 1.14379675e+03, 4.77294617e+02, 1.10021057e+03,
       4.78384644e+02, 1.05653259e+03, 4.79574585e+02, 1.01290015e+03,
       4.80805878e+02, 9.69347351e+02, 4.82129608e+02, 9.25904663e+02,
       4.83398499e+02, 8.82471069e+02, 4.84719177e+02, 8.39187683e+02,
       4.86150604e+02, 1.18630127e+03, 4.32455292e+02, 1.14256824e+03,
       4.33541260e+02, 1.09893042e+03, 4.34684052e+02, 1.05531079e+03,
       4.35907623e+02, 1.01167566e+03, 4.37227173e+02, 9.68199768e+02,
       4.38519470e+02, 9.24738647e+02, 4.39863159e+02, 8.81369446e+02,
       4.41313904e+02, 8.38067139e+02, 4.42721069e+02, 1.18491821e+03,
       3.88973297e+02, 1.14125623e+03, 3.90108398e+02, 1.09764392e+03,
       3.91226440e+02, 1.05408508e+03, 3.92444946e+02, 1.01051056e+03,
       3.93720947e+02, 9.66960266e+02, 3.95121796e+02, 9.23568604e+02,
       3.96512909e+02, 8.80234558e+02, 3.97984894e+02, 8.36878723e+02,
       3.99464874e+02, 1.18355542e+03, 3.45624603e+02, 1.13983887e+03,
       3.46724152e+02, 1.09634033e+03, 3.47919342e+02, 1.05276514e+03,
       3.49169861e+02, 1.00932635e+03, 3.50466888e+02, 9.65726440e+02,
       3.51877625e+02, 9.22469910e+02, 3.53372711e+02, 8.79069275e+02,
       3.54848755e+02, 8.35732788e+02, 3.56441284e+02, 1.18212451e+03,
       3.02285614e+02, 1.13850281e+03, 3.03394623e+02, 1.09499414e+03,
       3.04572479e+02, 1.05152673e+03, 3.05788208e+02, 1.00806262e+03,
       3.07229187e+02, 9.64573425e+02, 3.08615814e+02, 9.21279053e+02,
       3.10162445e+02, 8.77892273e+02, 3.11658875e+02, 8.34674011e+02,
       3.13357178e+02 ]
