%YAML:1.0
---
image_points: !!opencv-matrix
   rows: 54
   cols: 2
   dt: f
   data: [ 8.96722900e+02, 1.11636096e+03, 8.57842651e+02,
       1.11385669e+03, 8.19283936e+02, 1.11136084e+03, 7.80664307e+02,
       1.10875415e+03, 7.42388794e+02, 1.10613098e+03, 7.04244446e+02,
       1.10340576e+03, 6.66300293e+02, 1.10062036e+03, 6.28313965e+02,
       1.09776172e+03, 5.90541931e+02, 1.09493982e+03, 8.98478516e+02,
       1.07893457e+03, 8.59481689e+02, 1.07651611e+03, 8.20659668e+02,
       1.07404565e+03, 7.82114258e+02, 1.07152588e+03, 7.43578735e+02,
       1.06887073e+03, 7.05348816e+02, 1.06627881e+03, 6.67316345e+02,
       1.06350085e+03, 6.29284790e+02, 1.06069421e+03, 5.91459656e+02,
       1.05785083e+03, 9.00241150e+02, 1.04110852e+03, 8.61156311e+02,
       1.03865234e+03, 8.22272217e+02, 1.03632227e+03, 7.83435486e+02,
       1.03377917e+03, 7.44817871e+02, 1.03127124e+03, 7.06482239e+02,
       1.02864453e+03, 6.68362671e+02, 1.02596069e+03, 6.30247681e+02,
       1.02330841e+03, 5.92361816e+02, 1.02049664e+03, 9.01868408e+02,
       1.00309180e+03, 8.62670349e+02, 1.00074896e+03, 8.23666260e+02,
       9.98414368e+02, 7.84784302e+02, 9.95939026e+02, 7.46211914e+02,
       9.93481201e+02, 7.07622864e+02, 9.90877258e+02, 6.69382385e+02,
       9.88380554e+02, 6.31205688e+02, 9.85630920e+02, 5.93168762e+02,
       9.82976746e+02, 9.03618103e+02, 9.64821045e+02, 8.64363098e+02,
       9.62579834e+02, 8.25270325e+02, 9.60355591e+02, 7.86283447e+02,
       9.57924561e+02, 7.47449646e+02, 9.55541199e+02, 7.08744446e+02,
       9.53079346e+02, 6.70431458e+02, 9.50552002e+02, 6.32107910e+02,
       9.47979004e+02, 5.93955383e+02, 9.45427856e+02, 9.05418762e+02,
       9.26244202e+02, 8.65949341e+02, 9.24009827e+02, 8.26723083e+02,
       9.21764282e+02, 7.87621948e+02, 9.19535400e+02, 7.48702148e+02,
       9.17245422e+02, 7.10018005e+02, 9.14778748e+02, 6.71493958e+02,
       9.12424866e+02, 6.33060425e+02, 9.09868652e+02, 5.94767334e+02,
       9.07441833e+02 ]
