%YAML:1.0
---
image_points: !!opencv-matrix
   rows: 54
   cols: 2
   dt: f
   data: [ 5.42740417e+02, 1.08354895e+03, 5.05537170e+02,
       1.08260205e+03, 4.68666382e+02, 1.08161890e+03, 4.32107300e+02,
       1.08066699e+03, 3.95674591e+02, 1.07966211e+03, 3.59576691e+02,
       1.07867603e+03, 3.23683502e+02, 1.07769861e+03, 2.87807373e+02,
       1.07672974e+03, 2.52256470e+02, 1.07580249e+03, 5.41990906e+02,
       1.04580701e+03, 5.04723969e+02, 1.04495984e+03, 4.67881622e+02,
       1.04412878e+03, 4.31334290e+02, 1.04327112e+03, 3.94879730e+02,
       1.04236658e+03, 3.58760223e+02, 1.04141895e+03, 3.22967651e+02,
       1.04048901e+03, 2.87208557e+02, 1.03958325e+03, 2.51600235e+02,
       1.03867615e+03, 5.41304565e+02, 1.00770508e+03, 5.04079285e+02,
       1.00701508e+03, 4.67149200e+02, 1.00631201e+03, 4.30465118e+02,
       1.00548206e+03, 3.94203796e+02, 1.00458801e+03, 3.58041931e+02,
       1.00381409e+03, 3.22249573e+02, 1.00306299e+03, 2.86424377e+02,
       1.00230151e+03, 2.50838898e+02, 1.00144965e+03, 5.40527161e+02,
       9.69666809e+02, 5.03325836e+02, 9.69097778e+02, 4.66382477e+02,
       9.68410706e+02, 4.29682983e+02, 9.67652466e+02, 3.93387451e+02,
       9.67025024e+02, 3.57245728e+02, 9.66358704e+02, 3.21364929e+02,
       9.65583618e+02, 2.85575012e+02, 9.64866394e+02, 2.49939514e+02,
       9.64288208e+02, 5.39836548e+02, 9.31576904e+02, 5.02544739e+02,
       9.31094055e+02, 4.65592255e+02, 9.30508240e+02, 4.28909271e+02,
       9.29893433e+02, 3.92526215e+02, 9.29404968e+02, 3.56395721e+02,
       9.28721741e+02, 3.20479462e+02, 9.28267883e+02, 2.84650269e+02,
       9.27572449e+02, 2.49102829e+02, 9.27084778e+02, 5.39233643e+02,
       8.93268250e+02, 5.01897888e+02, 8.92726379e+02, 4.64910950e+02,
       8.92414978e+02, 4.28230774e+02, 8.91876587e+02, 3.91705353e+02,
       8.91499268e+02, 3.55549957e+02, 8.91056030e+02, 3.19653564e+02,
       8.90557617e+02, 2.83771301e+02, 8.90138062e+02, 2.48219711e+02,
       8.89610168e+02 ]
