%YAML:1.0
---
image_points: !!opencv-matrix
   rows: 54
   cols: 2
   dt: f
   data: [ 8.56065369e+02, 7.82061890e+02, 8.14640076e+02,
       7.81758972e+02, 7.73521301e+02, 7.81495728e+02, 7.32541382e+02,
       7.81194153e+02, 6.91764221e+02, 7.80758667e+02, 6.51274231e+02,
       7.80448547e+02, 6.10882202e+02, 7.80059204e+02, 5.70562927e+02,
       7.79589600e+02, 5.30526367e+02, 7.79261963e+02, 8.56102539e+02,
       7.40839355e+02, 8.14649902e+02, 7.40625671e+02, 7.73531677e+02,
       7.40393188e+02, 7.32534668e+02, 7.40184509e+02, 6.91740845e+02,
       7.39830566e+02, 6.51192505e+02, 7.39564453e+02, 6.10806091e+02,
       7.39296997e+02, 5.70519775e+02, 7.38910034e+02, 5.30486572e+02,
       7.38541931e+02, 8.56167480e+02, 6.99398682e+02, 8.14741699e+02,
       6.99246216e+02, 7.73573181e+02, 6.99084412e+02, 7.32546387e+02,
       6.98865112e+02, 6.91747864e+02, 6.98642883e+02, 6.51209961e+02,
       6.98497437e+02, 6.10815002e+02, 6.98277161e+02, 5.70532837e+02,
       6.97960632e+02, 5.30507935e+02, 6.97656738e+02, 8.56277893e+02,
       6.58047363e+02, 8.14827881e+02, 6.57914673e+02, 7.73659607e+02,
       6.57745544e+02, 7.32626831e+02, 6.57642700e+02, 6.91847229e+02,
       6.57548096e+02, 6.51237061e+02, 6.57425598e+02, 6.10795715e+02,
       6.57296875e+02, 5.70549744e+02, 6.57098450e+02, 5.30482666e+02,
       6.56834106e+02, 8.56368835e+02, 6.16698120e+02, 8.14948425e+02,
       6.16626282e+02, 7.73756897e+02, 6.16570740e+02, 7.32722107e+02,
       6.16508179e+02, 6.91923950e+02, 6.16440796e+02, 6.51301392e+02,
       6.16392578e+02, 6.10877502e+02, 6.16359497e+02, 5.70573120e+02,
       6.16264709e+02, 5.30512024e+02, 6.16171021e+02, 8.56484009e+02,
       5.75268677e+02, 8.15140015e+02, 5.75238281e+02, 7.73934998e+02,
       5.75229431e+02, 7.32877380e+02, 5.75220032e+02, 6.92073792e+02,
       5.75243469e+02, 6.51425720e+02, 5.75234863e+02, 6.11025391e+02,
       5.75252747e+02, 5.70656067e+02, 5.75244202e+02, 5.30579163e+02,
       5.75287964e+02 ]
