%YAML:1.0
---
image_points: !!opencv-matrix
   rows: 54
   cols: 2
   dt: f
   data: [ 6.60120056e+02, 7.64697571e+02, 6.19563660e+02,
       7.65953613e+02, 5.79451416e+02, 7.67242615e+02, 5.39528625e+02,
       7.68419373e+02, 4.99937592e+02, 7.69505859e+02, 4.60559448e+02,
       7.70606323e+02, 4.21491089e+02, 7.71737305e+02, 3.82446625e+02,
       7.72895203e+02, 3.43625610e+02, 7.74124634e+02, 6.58393127e+02,
       7.23855896e+02, 6.17847412e+02, 7.25250854e+02, 5.77667969e+02,
       7.26498657e+02, 5.37757690e+02, 7.27712524e+02, 4.98201935e+02,
       7.29082275e+02, 4.58757629e+02, 7.30387024e+02, 4.19693298e+02,
       7.31528381e+02, 3.80674683e+02, 7.32741638e+02, 3.41934235e+02,
       7.34029785e+02, 6.56693054e+02, 6.82675659e+02, 6.16259033e+02,
       6.84205444e+02, 5.76063538e+02, 6.85536499e+02, 5.36109558e+02,
       6.86931458e+02, 4.96498901e+02, 6.88381653e+02, 4.57176361e+02,
       6.89653931e+02, 4.18083618e+02, 6.91118591e+02, 3.79071136e+02,
       6.92453674e+02, 3.40347412e+02, 6.93676147e+02, 6.55196838e+02,
       6.41627197e+02, 6.14607056e+02, 6.43229431e+02, 5.74422607e+02,
       6.44622375e+02, 5.34499939e+02, 6.46255981e+02, 4.94908630e+02,
       6.47632080e+02, 4.55466003e+02, 6.49209229e+02, 4.16390564e+02,
       6.50589539e+02, 3.77401825e+02, 6.52112915e+02, 3.38583679e+02,
       6.53511475e+02, 6.53621826e+02, 6.00639038e+02, 6.13126587e+02,
       6.02330505e+02, 5.72862671e+02, 6.03819275e+02, 5.32969238e+02,
       6.05467346e+02, 4.93345886e+02, 6.07091858e+02, 4.53878571e+02,
       6.08585144e+02, 4.14732452e+02, 6.10295349e+02, 3.75706268e+02,
       6.11723511e+02, 3.36972321e+02, 6.13403076e+02, 6.52177551e+02,
       5.59497070e+02, 6.11638733e+02, 5.61247803e+02, 5.71460693e+02,
       5.62833252e+02, 5.31484741e+02, 5.64560120e+02, 4.91776062e+02,
       5.66364197e+02, 4.52382080e+02, 5.67967407e+02, 4.13296936e+02,
       5.69609802e+02, 3.74205536e+02, 5.71405151e+02, 3.35366272e+02,
       5.73084717e+02 ]
