%YAML:1.0
---
image_points: !!opencv-matrix
   rows: 54
   cols: 2
   dt: f
   data: [ 8.94395813e+02, 6.75528137e+02, 8.54298462e+02,
       6.76545715e+02, 8.14414246e+02, 6.77547302e+02, 7.74703491e+02,
       6.78560608e+02, 7.35312683e+02, 6.79527344e+02, 6.96075745e+02,
       6.80496826e+02, 6.57123779e+02, 6.81461121e+02, 6.18235779e+02,
       6.82396057e+02, 5.79605164e+02, 6.83344543e+02, 8.93448364e+02,
       6.35524780e+02, 8.53396484e+02, 6.36591553e+02, 8.13550964e+02,
       6.37653625e+02, 7.73917542e+02, 6.38715576e+02, 7.34522705e+02,
       6.39791077e+02, 6.95342773e+02, 6.40859131e+02, 6.56438049e+02,
       6.41873474e+02, 6.17599854e+02, 6.42954224e+02, 5.79139648e+02,
       6.43952026e+02, 8.92482300e+02, 5.95410828e+02, 8.52507202e+02,
       5.96531982e+02, 8.12712036e+02, 5.97657593e+02, 7.73194092e+02,
       5.98834106e+02, 7.33801819e+02, 6.00043091e+02, 6.94639832e+02,
       6.01243713e+02, 6.55796021e+02, 6.02363464e+02, 6.17099792e+02,
       6.03475159e+02, 5.78573181e+02, 6.04567261e+02, 8.91557861e+02,
       5.55514282e+02, 8.51611389e+02, 5.56692627e+02, 8.11947998e+02,
       5.57885193e+02, 7.72460205e+02, 5.59218079e+02, 7.33200317e+02,
       5.60440918e+02, 6.94053833e+02, 5.61603271e+02, 6.55256592e+02,
       5.62842163e+02, 6.16500671e+02, 5.64160828e+02, 5.78016541e+02,
       5.65383972e+02, 8.90603333e+02, 5.15830200e+02, 8.50715576e+02,
       5.17173767e+02, 8.11194153e+02, 5.18398499e+02, 7.71718994e+02,
       5.19601257e+02, 7.32486206e+02, 5.20915344e+02, 6.93423706e+02,
       5.22329224e+02, 6.54602356e+02, 5.23573486e+02, 6.15920288e+02,
       5.24888855e+02, 5.77474976e+02, 5.26291199e+02, 8.89664246e+02,
       4.76293152e+02, 8.49988525e+02, 4.77516846e+02, 8.10456726e+02,
       4.78834442e+02, 7.71080322e+02, 4.80234253e+02, 7.31825806e+02,
       4.81512695e+02, 6.92801392e+02, 4.82861542e+02, 6.54110291e+02,
       4.84373169e+02, 6.15418274e+02, 4.85652954e+02, 5.77022583e+02,
       4.87220856e+02 ]
