%YAML:1.0
---
image_points: !!opencv-matrix
   rows: 54
   cols: 2
   dt: f
   data: [ 1.47153027e+03, 9.95822632e+02, 1.43332642e+03,
       9.95929321e+02, 1.39498499e+03, 9.95973755e+02, 1.35661145e+03,
       9.96035461e+02, 1.31819055e+03, 9.95968994e+02, 1.27953052e+03,
       9.95893494e+02, 1.24082690e+03, 9.95805786e+02, 1.20196716e+03,
       9.95651611e+02, 1.16306470e+03, 9.95506409e+02, 1.47264648e+03,
       9.57671997e+02, 1.43440735e+03, 9.57727417e+02, 1.39609863e+03,
       9.57734131e+02, 1.35765442e+03, 9.57775879e+02, 1.31917639e+03,
       9.57727661e+02, 1.28046802e+03, 9.57680908e+02, 1.24171716e+03,
       9.57572449e+02, 1.20276733e+03, 9.57447693e+02, 1.16372437e+03,
       9.57236389e+02, 1.47371289e+03, 9.19260254e+02, 1.43546118e+03,
       9.19297058e+02, 1.39717456e+03, 9.19336609e+02, 1.35861340e+03,
       9.19318298e+02, 1.32006580e+03, 9.19260986e+02, 1.28140308e+03,
       9.19193237e+02, 1.24260864e+03, 9.18994202e+02, 1.20358240e+03,
       9.18787109e+02, 1.16454980e+03, 9.18582703e+02, 1.47466943e+03,
       8.80617126e+02, 1.43644775e+03, 8.80645447e+02, 1.39811340e+03,
       8.80623169e+02, 1.35957434e+03, 8.80642395e+02, 1.32095483e+03,
       8.80569946e+02, 1.28230286e+03, 8.80487183e+02, 1.24345386e+03,
       8.80373901e+02, 1.20443140e+03, 8.80169556e+02, 1.16531042e+03,
       8.79857666e+02, 1.47561108e+03, 8.42067505e+02, 1.43735657e+03,
       8.42073792e+02, 1.39900024e+03, 8.42046265e+02, 1.36050476e+03,
       8.41935120e+02, 1.32183923e+03, 8.41854187e+02, 1.28310229e+03,
       8.41740540e+02, 1.24430945e+03, 8.41628174e+02, 1.20517896e+03,
       8.41436096e+02, 1.16595154e+03, 8.41229248e+02, 1.47647144e+03,
       8.03231384e+02, 1.43821204e+03, 8.03178223e+02, 1.39980566e+03,
       8.03127502e+02, 1.36138452e+03, 8.03015747e+02, 1.32267896e+03,
       8.02889832e+02, 1.28388342e+03, 8.02744690e+02, 1.24501062e+03,
       8.02603516e+02, 1.20585730e+03, 8.02437500e+02, 1.16664380e+03,
       8.02212280e+02 ]
