%YAML:1.0
---
image_points: !!opencv-matrix
   rows: 54
   cols: 2
   dt: f
   data: [ 1.57250122e+03, 7.49431091e+02, 1.53026343e+03,
       7.50095398e+02, 1.48800867e+03, 7.50662598e+02, 1.44572375e+03,
       7.51420715e+02, 1.40343640e+03, 7.52021362e+02, 1.36094788e+03,
       7.52588623e+02, 1.31857166e+03, 7.53281433e+02, 1.27584644e+03,
       7.53732483e+02, 1.23327271e+03, 7.54342773e+02, 1.57052698e+03,
       7.06907227e+02, 1.52842883e+03, 7.07588135e+02, 1.48635779e+03,
       7.08299683e+02, 1.44424072e+03, 7.08853333e+02, 1.40197583e+03,
       7.09530273e+02, 1.35966602e+03, 7.10234863e+02, 1.31740063e+03,
       7.10730042e+02, 1.27480762e+03, 7.11395081e+02, 1.23229578e+03,
       7.11876404e+02, 1.56846167e+03, 6.64503662e+02, 1.52648755e+03,
       6.65212463e+02, 1.48459045e+03, 6.65742737e+02, 1.44255969e+03,
       6.66446899e+02, 1.40049609e+03, 6.67095947e+02, 1.35835999e+03,
       6.67662231e+02, 1.31618433e+03, 6.68318726e+02, 1.27374597e+03,
       6.68862610e+02, 1.23137305e+03, 6.69478882e+02, 1.56629541e+03,
       6.22465515e+02, 1.52448804e+03, 6.23092529e+02, 1.48272815e+03,
       6.23586548e+02, 1.44084937e+03, 6.24320251e+02, 1.39893835e+03,
       6.24833252e+02, 1.35691638e+03, 6.25465881e+02, 1.31484631e+03,
       6.26132324e+02, 1.27263135e+03, 6.26657898e+02, 1.23037830e+03,
       6.27317871e+02, 1.56396387e+03, 5.80630127e+02, 1.52238550e+03,
       5.81345581e+02, 1.48077002e+03, 5.81796997e+02, 1.43911963e+03,
       5.82425537e+02, 1.39737512e+03, 5.83052917e+02, 1.35546985e+03,
       5.83570251e+02, 1.31360583e+03, 5.84273254e+02, 1.27147473e+03,
       5.84767944e+02, 1.22932971e+03, 5.85412903e+02, 1.56161682e+03,
       5.39054932e+02, 1.52018701e+03, 5.39562195e+02, 1.47874182e+03,
       5.40230530e+02, 1.43728149e+03, 5.40647644e+02, 1.39564392e+03,
       5.41333984e+02, 1.35392395e+03, 5.41801575e+02, 1.31222144e+03,
       5.42446655e+02, 1.27025562e+03, 5.43052002e+02, 1.22825146e+03,
       5.43598083e+02 ]
