%YAML:1.0
---
image_points: !!opencv-matrix
   rows: 54
   cols: 2
   dt: f
   data: [ 1.33804846e+03, 3.47410004e+02, 1.29302136e+03,
       3.48154663e+02, 1.24803918e+03, 3.48917328e+02, 1.20304773e+03,
       3.49670837e+02, 1.15807104e+03, 3.50555267e+02, 1.11314294e+03,
       3.51506317e+02, 1.06824097e+03, 3.52504181e+02, 1.02319464e+03,
       3.53533844e+02, 9.78325073e+02, 3.54586090e+02, 1.33421960e+03,
       3.07453613e+02, 1.28958630e+03, 3.08270477e+02, 1.24510876e+03,
       3.08987976e+02, 1.20056909e+03, 3.09775452e+02, 1.15609863e+03,
       3.10660095e+02, 1.11159058e+03, 3.11616638e+02, 1.06725574e+03,
       3.12636505e+02, 1.02263153e+03, 3.13803619e+02, 9.78294922e+02,
       3.14897766e+02, 1.33034949e+03, 2.68234131e+02, 1.28624829e+03,
       2.68989685e+02, 1.24220752e+03, 2.69685516e+02, 1.19814392e+03,
       2.70520630e+02, 1.15406274e+03, 2.71480774e+02, 1.11009326e+03,
       2.72451385e+02, 1.06619275e+03, 2.73463104e+02, 1.02215582e+03,
       2.74600800e+02, 9.78191711e+02, 2.75811859e+02, 1.32648462e+03,
       2.29868896e+02, 1.28279187e+03, 2.30602219e+02, 1.23931909e+03,
       2.31373291e+02, 1.19564917e+03, 2.32253433e+02, 1.15214734e+03,
       2.33232056e+02, 1.10853674e+03, 2.34155899e+02, 1.06513245e+03,
       2.35184570e+02, 1.02153687e+03, 2.36299927e+02, 9.78102173e+02,
       2.37462067e+02, 1.32263989e+03, 1.92529984e+02, 1.27947827e+03,
       1.93268997e+02, 1.23642200e+03, 1.93936050e+02, 1.19330750e+03,
       1.94670029e+02, 1.15021875e+03, 1.95605423e+02, 1.10707678e+03,
       1.96606277e+02, 1.06408472e+03, 1.97637283e+02, 1.02098633e+03,
       1.98763626e+02, 9.77944519e+02, 2.00001556e+02, 1.31885962e+03,
       1.55675873e+02, 1.27621179e+03, 1.56444626e+02, 1.23354553e+03,
       1.57212753e+02, 1.19080908e+03, 1.57904587e+02, 1.14827429e+03,
       1.58775681e+02, 1.10555640e+03, 1.59753265e+02, 1.06306348e+03,
       1.60824951e+02, 1.02041779e+03, 1.61953613e+02, 9.77800781e+02,
       1.63220367e+02 ]
