%YAML:1.0
---
image_points: !!opencv-matrix
   rows: 54
   cols: 2
   dt: f
   data: [ 5.45418274e+02, 5.75426086e+02, 5.07367279e+02,
       5.77218994e+02, 4.69579407e+02, 5.78787048e+02, 4.31929932e+02,
       5.80547119e+02, 3.94438690e+02, 5.82351868e+02, 3.57096405e+02,
       5.84074707e+02, 3.19802063e+02, 5.85699097e+02, 2.82505615e+02,
       5.87483521e+02, 2.45346939e+02, 5.89270508e+02, 5.44306458e+02,
       5.37429138e+02, 5.06338440e+02, 5.39192200e+02, 4.68556152e+02,
       5.40808594e+02, 4.30944611e+02, 5.42578857e+02, 3.93483704e+02,
       5.44456421e+02, 3.56176727e+02, 5.46260925e+02, 3.18962891e+02,
       5.47906372e+02, 2.81673126e+02, 5.49673645e+02, 2.44580170e+02,
       5.51497986e+02, 5.43270752e+02, 4.99310516e+02, 5.05360748e+02,
       5.01091187e+02, 4.67597717e+02, 5.02744507e+02, 4.30051636e+02,
       5.04588715e+02, 3.92602112e+02, 5.06461365e+02, 3.55341431e+02,
       5.08346161e+02, 3.18228668e+02, 5.10098175e+02, 2.80960144e+02,
       5.11842041e+02, 2.43825546e+02, 5.13639404e+02, 5.42301697e+02,
       4.61457428e+02, 5.04412415e+02, 4.63257385e+02, 4.66711792e+02,
       4.65020752e+02, 4.29253021e+02, 4.66795959e+02, 3.91794495e+02,
       4.68639465e+02, 3.54511749e+02, 4.70504608e+02, 3.17380035e+02,
       4.72417236e+02, 2.80220184e+02, 4.74245941e+02, 2.43038605e+02,
       4.76065887e+02, 5.41355164e+02, 4.23758026e+02, 5.03506439e+02,
       4.25577087e+02, 4.65894196e+02, 4.27436005e+02, 4.28400909e+02,
       4.29302765e+02, 3.91053680e+02, 4.31161713e+02, 3.53698853e+02,
       4.32954559e+02, 3.16586395e+02, 4.34770691e+02, 2.79416565e+02,
       4.36655029e+02, 2.42298035e+02, 4.38541687e+02, 5.40429077e+02,
       3.86325287e+02, 5.02710907e+02, 3.87995728e+02, 4.65198761e+02,
       3.89783478e+02, 4.27621033e+02, 3.91624023e+02, 3.90330475e+02,
       3.93535217e+02, 3.53039551e+02, 3.95437683e+02, 3.15899048e+02,
       3.97378998e+02, 2.78652222e+02, 3.99218933e+02, 2.41510803e+02,
       4.01057800e+02 ]
