%YAML:1.0
---
image_points: !!opencv-matrix
   rows: 54
   cols: 2
   dt: f
   data: [ 7.02224426e+02, 9.84626770e+02, 6.62989319e+02,
       9.84608521e+02, 6.24181152e+02, 9.84526123e+02, 5.85502075e+02,
       9.84426636e+02, 5.47135986e+02, 9.84249573e+02, 5.08895264e+02,
       9.83917969e+02, 4.71016235e+02, 9.83658325e+02, 4.33127441e+02,
       9.83451599e+02, 3.95433777e+02, 9.83231384e+02, 7.01732544e+02,
       9.45162964e+02, 6.62617371e+02, 9.45183716e+02, 6.23803528e+02,
       9.45134399e+02, 5.85267639e+02, 9.45070740e+02, 5.46845825e+02,
       9.44896362e+02, 5.08691223e+02, 9.44742615e+02, 4.70849609e+02,
       9.44593201e+02, 4.33094666e+02, 9.44454346e+02, 3.95507538e+02,
       9.44248596e+02, 7.01429565e+02, 9.05373230e+02, 6.62379211e+02,
       9.05463623e+02, 6.23525208e+02, 9.05512573e+02, 5.84922913e+02,
       9.05527466e+02, 5.46646240e+02, 9.05492676e+02, 5.08571838e+02,
       9.05466675e+02, 4.70759277e+02, 9.05385010e+02, 4.33082092e+02,
       9.05319763e+02, 3.95587860e+02, 9.05164490e+02, 7.01143494e+02,
       8.65664246e+02, 6.62069336e+02, 8.65837280e+02, 6.23327515e+02,
       8.66021057e+02, 5.84721191e+02, 8.66136963e+02, 5.46509949e+02,
       8.66258972e+02, 5.08464264e+02, 8.66278625e+02, 4.70658691e+02,
       8.66306152e+02, 4.33072601e+02, 8.66260986e+02, 3.95599548e+02,
       8.66242920e+02, 7.00780334e+02, 8.26203308e+02, 6.61750732e+02,
       8.26454895e+02, 6.23131409e+02, 8.26607605e+02, 5.84560486e+02,
       8.26757751e+02, 5.46387451e+02, 8.26994324e+02, 5.08367706e+02,
       8.27189575e+02, 4.70618958e+02, 8.27321960e+02, 4.33043945e+02,
       8.27386841e+02, 3.95661316e+02, 8.27424988e+02, 7.00523987e+02,
       7.86501770e+02, 6.61589966e+02, 7.86781982e+02, 6.22911072e+02,
       7.87209900e+02, 5.84458557e+02, 7.87474670e+02, 5.46316101e+02,
       7.87668762e+02, 5.08355377e+02, 7.87903320e+02, 4.70625122e+02,
       7.88256348e+02, 4.33095764e+02, 7.88416321e+02, 3.95708740e+02,
       7.88527222e+02 ]
