%YAML:1.0
---
image_points: !!opencv-matrix
   rows: 54
   cols: 2
   dt: f
   data: [ 1.06579028e+03, 6.71484863e+02, 1.02467944e+03,
       6.71443237e+02, 9.83677917e+02, 6.71440125e+02, 9.42774170e+02,
       6.71401428e+02, 9.01992554e+02, 6.71350830e+02, 8.61311279e+02,
       6.71309692e+02, 8.20709778e+02, 6.71242554e+02, 7.80208496e+02,
       6.71140930e+02, 7.39810852e+02, 6.71042053e+02, 1.06578186e+03,
       6.30593445e+02, 1.02467896e+03, 6.30592468e+02, 9.83710449e+02,
       6.30581726e+02, 9.42780396e+02, 6.30586853e+02, 9.01994751e+02,
       6.30577698e+02, 8.61286621e+02, 6.30575684e+02, 8.20689758e+02,
       6.30562439e+02, 7.80219360e+02, 6.30560486e+02, 7.39832275e+02,
       6.30531006e+02, 1.06575098e+03, 5.89527344e+02, 1.02468176e+03,
       5.89534912e+02, 9.83711182e+02, 5.89549805e+02, 9.42776123e+02,
       5.89595032e+02, 9.02011902e+02, 5.89619995e+02, 8.61331116e+02,
       5.89702026e+02, 8.20741272e+02, 5.89711975e+02, 7.80272583e+02,
       5.89786499e+02, 7.39902466e+02, 5.89867859e+02, 1.06569958e+03,
       5.48597839e+02, 1.02464905e+03, 5.48634094e+02, 9.83716492e+02,
       5.48632874e+02, 9.42792969e+02, 5.48720398e+02, 9.02072083e+02,
       5.48809753e+02, 8.61352844e+02, 5.48907288e+02, 8.20739868e+02,
       5.49069946e+02, 7.80309875e+02, 5.49211243e+02, 7.39896667e+02,
       5.49325500e+02, 1.06561218e+03, 5.07810730e+02, 1.02458655e+03,
       5.07835205e+02, 9.83669189e+02, 5.07931763e+02, 9.42806030e+02,
       5.08005646e+02, 9.02095520e+02, 5.08161346e+02, 8.61368042e+02,
       5.08296234e+02, 8.20825134e+02, 5.08437378e+02, 7.80347900e+02,
       5.08588348e+02, 7.39922974e+02, 5.08745728e+02, 1.06549817e+03,
       4.66975098e+02, 1.02453210e+03, 4.67044769e+02, 9.83658386e+02,
       4.67111603e+02, 9.42802856e+02, 4.67203308e+02, 9.02102661e+02,
       4.67363098e+02, 8.61439575e+02, 4.67507751e+02, 8.20860840e+02,
       4.67683563e+02, 7.80398621e+02, 4.67951385e+02, 7.40029907e+02,
       4.68281952e+02 ]
