%YAML:1.0
---
image_points: !!opencv-matrix
   rows: 54
   cols: 2
   dt: f
   data: [ 6.90741699e+02, 1.12054163e+03, 6.53094727e+02,
       1.11860083e+03, 6.15663635e+02, 1.11659875e+03, 5.78515808e+02,
       1.11458667e+03, 5.41580139e+02, 1.11252344e+03, 5.04888184e+02,
       1.11043982e+03, 4.68510620e+02, 1.10837781e+03, 4.32142029e+02,
       1.10626392e+03, 3.95991608e+02, 1.10415112e+03, 6.91415955e+02,
       1.08291980e+03, 6.53637207e+02, 1.08105627e+03, 6.16339172e+02,
       1.07914636e+03, 5.79148560e+02, 1.07724207e+03, 5.42221436e+02,
       1.07523364e+03, 5.05472748e+02, 1.07323608e+03, 4.69100067e+02,
       1.07116675e+03, 4.32672882e+02, 1.06914612e+03, 3.96588654e+02,
       1.06699817e+03, 6.92084961e+02, 1.04494873e+03, 6.54386658e+02,
       1.04321143e+03, 6.16867126e+02, 1.04140112e+03, 5.79625854e+02,
       1.03951306e+03, 5.42699219e+02, 1.03755847e+03, 5.06077087e+02,
       1.03564343e+03, 4.69591980e+02, 1.03366296e+03, 4.33309998e+02,
       1.03169275e+03, 3.97240753e+02, 1.02967896e+03, 6.92688171e+02,
       1.00706116e+03, 6.54964600e+02, 1.00536798e+03, 6.17497803e+02,
       1.00356927e+03, 5.80321167e+02, 1.00173462e+03, 5.43377502e+02,
       1.00000146e+03, 5.06555481e+02, 9.98211426e+02, 4.70139069e+02,
       9.96355713e+02, 4.33727234e+02, 9.94424866e+02, 3.97587250e+02,
       9.92531128e+02, 6.93471680e+02, 9.69035400e+02, 6.55591003e+02,
       9.67452637e+02, 6.18192566e+02, 9.65734436e+02, 5.80832947e+02,
       9.64156555e+02, 5.43831970e+02, 9.62441956e+02, 5.07138855e+02,
       9.60638611e+02, 4.70579956e+02, 9.58896423e+02, 4.34268372e+02,
       9.57177307e+02, 3.98107117e+02, 9.55378540e+02, 6.94211609e+02,
       9.30740112e+02, 6.56381226e+02, 9.29309082e+02, 6.18779114e+02,
       9.27678528e+02, 5.81486755e+02, 9.26225220e+02, 5.44460388e+02,
       9.24567932e+02, 5.07614410e+02, 9.22920227e+02, 4.71186829e+02,
       9.21348022e+02, 4.34681152e+02, 9.19579407e+02, 3.98515411e+02,
       9.17925110e+02 ]
