%YAML:1.0
---
image_points: !!opencv-matrix
   rows: 54
   cols: 2
   dt: f
   data: [ 1.43045593e+03, 9.83954712e+02, 1.39211816e+03,
       9.84559937e+02, 1.35369849e+03, 9.85175476e+02, 1.31534229e+03,
       9.85651306e+02, 1.27671167e+03, 9.86192566e+02, 1.23815625e+03,
       9.86590759e+02, 1.19945972e+03, 9.86999817e+02, 1.16051746e+03,
       9.87367554e+02, 1.12158411e+03, 9.87627197e+02, 1.43091187e+03,
       9.45774658e+02, 1.39255981e+03, 9.46427917e+02, 1.35421558e+03,
       9.46902527e+02, 1.31566833e+03, 9.47485352e+02, 1.27714197e+03,
       9.47920410e+02, 1.23840344e+03, 9.48427734e+02, 1.19963074e+03,
       9.48714661e+02, 1.16065918e+03, 9.49144714e+02, 1.12163696e+03,
       9.49395325e+02, 1.43141882e+03, 9.07369080e+02, 1.39296948e+03,
       9.07805664e+02, 1.35460815e+03, 9.08448547e+02, 1.31606274e+03,
       9.08911987e+02, 1.27744019e+03, 9.09414429e+02, 1.23864294e+03,
       9.09797241e+02, 1.19984253e+03, 9.10247253e+02, 1.16080029e+03,
       9.10530518e+02, 1.12175061e+03, 9.10750793e+02, 1.43170032e+03,
       8.68711182e+02, 1.39339380e+03, 8.69371460e+02, 1.35490454e+03,
       8.69753174e+02, 1.31640198e+03, 8.70353516e+02, 1.27768384e+03,
       8.70722656e+02, 1.23888196e+03, 8.71199768e+02, 1.20007117e+03,
       8.71555298e+02, 1.16097693e+03, 8.71839233e+02, 1.12181897e+03,
       8.72176636e+02, 1.43204175e+03, 8.30189697e+02, 1.39361804e+03,
       8.30633911e+02, 1.35526172e+03, 8.31222595e+02, 1.31663440e+03,
       8.31619324e+02, 1.27793567e+03, 8.32137756e+02, 1.23911438e+03,
       8.32481689e+02, 1.20031311e+03, 8.32843933e+02, 1.16114465e+03,
       8.33200562e+02, 1.12190515e+03, 8.33473083e+02, 1.43229456e+03,
       7.91326355e+02, 1.39382458e+03, 7.91704285e+02, 1.35546716e+03,
       7.92293823e+02, 1.31683398e+03, 7.92659058e+02, 1.27817529e+03,
       7.93178955e+02, 1.23935132e+03, 7.93524841e+02, 1.20040149e+03,
       7.93842896e+02, 1.16127246e+03, 7.94236816e+02, 1.12198853e+03,
       7.94508484e+02 ]
