%YAML:1.0
---
image_points: !!opencv-matrix
   rows: 54
   cols: 2
   dt: f
   data: [ 9.66563721e+02, 9.35746521e+02, 9.26094971e+02,
       9.39850708e+02, 8.85773987e+02, 9.43808411e+02, 8.45680542e+02,
       9.47716492e+02, 8.05760376e+02, 9.51533325e+02, 7.66051025e+02,
       9.55320679e+02, 7.26550232e+02, 9.58952026e+02, 6.87117004e+02,
       9.62560608e+02, 6.47899719e+02, 9.66170227e+02, 9.62248962e+02,
       8.95520569e+02, 9.21699219e+02, 8.99594910e+02, 8.81499634e+02,
       9.03619202e+02, 8.41417297e+02, 9.07630188e+02, 8.01502075e+02,
       9.11524353e+02, 7.61744873e+02, 9.15373291e+02, 7.22346191e+02,
       9.19115906e+02, 6.82911438e+02, 9.22757874e+02, 6.43745239e+02,
       9.26414368e+02, 9.57797485e+02, 8.54931091e+02, 9.17429077e+02,
       8.59148926e+02, 8.77197021e+02, 8.63276062e+02, 8.37098389e+02,
       8.67326843e+02, 7.97253357e+02, 8.71270569e+02, 7.57540894e+02,
       8.75209961e+02, 7.18148438e+02, 8.78982361e+02, 6.78739929e+02,
       8.82728577e+02, 6.39664429e+02, 8.86488220e+02, 9.53492920e+02,
       8.14509338e+02, 9.13132080e+02, 8.18728577e+02, 8.72850281e+02,
       8.22863281e+02, 8.32794556e+02, 8.27024231e+02, 7.92993164e+02,
       8.31121826e+02, 7.53343323e+02, 8.35085510e+02, 7.13880493e+02,
       8.38984741e+02, 6.74604736e+02, 8.42800415e+02, 6.35525879e+02,
       8.46607483e+02, 9.49162842e+02, 7.74182068e+02, 9.08714844e+02,
       7.78468750e+02, 8.68573547e+02, 7.82655151e+02, 8.28570435e+02,
       7.86814758e+02, 7.88747864e+02, 7.90986328e+02, 7.49132690e+02,
       7.95078613e+02, 7.09740112e+02, 7.99098572e+02, 6.70482605e+02,
       8.03052063e+02, 6.31442200e+02, 8.06908264e+02, 9.44730774e+02,
       7.33622986e+02, 9.04445435e+02, 7.37982727e+02, 8.64338379e+02,
       7.42317505e+02, 8.24363831e+02, 7.46553284e+02, 7.84531982e+02,
       7.50740112e+02, 7.44934753e+02, 7.54875122e+02, 7.05596741e+02,
       7.59026733e+02, 6.66371887e+02, 7.63122559e+02, 6.27394836e+02,
       7.67173706e+02 ]
