%YAML:1.0
---
image_points: !!opencv-matrix
   rows: 54
   cols: 2
   dt: f
   data: [ 3.96249512e+02, 5.26695190e+02, 3.57991547e+02,
       5.31568909e+02, 3.20253906e+02, 5.36447388e+02, 2.82674469e+02,
       5.41277893e+02, 2.45482834e+02, 5.45960388e+02, 2.08527969e+02,
       5.50676331e+02, 1.71826187e+02, 5.55402649e+02, 1.35197906e+02,
       5.60078430e+02, 9.85653152e+01, 5.64632080e+02, 3.92767181e+02,
       4.86552063e+02, 3.54589813e+02, 4.91593292e+02, 3.16845154e+02,
       4.96549988e+02, 2.79409485e+02, 5.01516479e+02, 2.42283646e+02,
       5.06457825e+02, 2.05371796e+02, 5.11338013e+02, 1.68691467e+02,
       5.16169922e+02, 1.32087448e+02, 5.20910217e+02, 9.56235428e+01,
       5.25648438e+02, 3.89471802e+02, 4.46384949e+02, 3.51407898e+02,
       4.51553253e+02, 3.13583282e+02, 4.56683258e+02, 2.76179657e+02,
       4.61765503e+02, 2.39089752e+02, 4.66824677e+02, 2.02246597e+02,
       4.71834076e+02, 1.65610733e+02, 4.76792542e+02, 1.29060608e+02,
       4.81723877e+02, 9.26590500e+01, 4.86604675e+02, 3.86263916e+02,
       4.06509888e+02, 3.48200165e+02, 4.11793640e+02, 3.10487335e+02,
       4.17100342e+02, 2.73079102e+02, 4.22328674e+02, 2.35995132e+02,
       4.27501312e+02, 1.99131393e+02, 4.32593201e+02, 1.62514420e+02,
       4.37677521e+02, 1.25972900e+02, 4.42718567e+02, 8.96087418e+01,
       4.47715668e+02, 3.83174408e+02, 3.66906494e+02, 3.45112122e+02,
       3.72382721e+02, 3.07408478e+02, 3.77680725e+02, 2.69952606e+02,
       3.83004486e+02, 2.32882523e+02, 3.88328033e+02, 1.96029282e+02,
       3.93580505e+02, 1.59438705e+02, 3.98757111e+02, 1.22880394e+02,
       4.03910675e+02, 8.65496521e+01, 4.09040344e+02, 3.80059113e+02,
       3.27366547e+02, 3.42057098e+02, 3.32868134e+02, 3.04402313e+02,
       3.38392212e+02, 2.66910248e+02, 3.43754883e+02, 2.29823563e+02,
       3.49227325e+02, 1.92951721e+02, 3.54530121e+02, 1.56436768e+02,
       3.59826294e+02, 1.19805252e+02, 3.65117462e+02, 8.34055405e+01,
       3.70346069e+02 ]
