%YAML:1.0
---
image_points: !!opencv-matrix
   rows: 54
   cols: 2
   dt: f
   data: [ 1.22149133e+03, 1.13707397e+03, 1.18319434e+03,
       1.13416797e+03, 1.14483191e+03, 1.13116370e+03, 1.10656116e+03,
       1.12811694e+03, 1.06832605e+03, 1.12489954e+03, 1.02999695e+03,
       1.12168640e+03, 9.91771118e+02, 1.11847595e+03, 9.53445251e+02,
       1.11511011e+03, 9.15223999e+02, 1.11164160e+03, 1.22454163e+03,
       1.09877148e+03, 1.18624170e+03, 1.09587000e+03, 1.14796863e+03,
       1.09287500e+03, 1.10971033e+03, 1.08988281e+03, 1.07146362e+03,
       1.08674365e+03, 1.03319507e+03, 1.08359888e+03, 9.94967468e+02,
       1.08035071e+03, 9.56643433e+02, 1.07698547e+03, 9.18414734e+02,
       1.07355212e+03, 1.22756665e+03, 1.06035095e+03, 1.18934314e+03,
       1.05743030e+03, 1.15114404e+03, 1.05451587e+03, 1.11278809e+03,
       1.05149561e+03, 1.07457935e+03, 1.04842468e+03, 1.03636548e+03,
       1.04531189e+03, 9.98222107e+02, 1.04203418e+03, 9.59823975e+02,
       1.03868250e+03, 9.21638062e+02, 1.03535205e+03, 1.23054089e+03,
       1.02192737e+03, 1.19237219e+03, 1.01912732e+03, 1.15422217e+03,
       1.01617725e+03, 1.11593909e+03, 1.01321765e+03, 1.07771802e+03,
       1.01014917e+03, 1.03952551e+03, 1.00694928e+03, 1.00135742e+03,
       1.00378870e+03, 9.63093811e+02, 1.00050427e+03, 9.24808228e+02,
       9.97181885e+02, 1.23348193e+03, 9.83612122e+02, 1.19535242e+03,
       9.80754211e+02, 1.15724536e+03, 9.77876953e+02, 1.11906226e+03,
       9.74897644e+02, 1.08083130e+03, 9.71879639e+02, 1.04261462e+03,
       9.68777039e+02, 1.00452600e+03, 9.65644348e+02, 9.66288147e+02,
       9.62413025e+02, 9.28065735e+02, 9.59116455e+02, 1.23640356e+03,
       9.45211487e+02, 1.19831250e+03, 9.42380493e+02, 1.16025952e+03,
       9.39498108e+02, 1.12212585e+03, 9.36551880e+02, 1.08393909e+03,
       9.33559082e+02, 1.04576428e+03, 9.30494995e+02, 1.00762848e+03,
       9.27365479e+02, 9.69446655e+02, 9.24156738e+02, 9.31304077e+02,
       9.20861877e+02 ]
