%YAML:1.0
---
image_points: !!opencv-matrix
   rows: 54
   cols: 2
   dt: f
   data: [ 6.15696594e+02, 9.86408936e+02, 5.76401123e+02,
       1.00145831e+03, 5.35853638e+02, 1.01698273e+03, 4.94019226e+02,
       1.03293396e+03, 4.50778442e+02, 1.04949255e+03, 4.06082825e+02,
       1.06657324e+03, 3.59807831e+02, 1.08432727e+03, 3.11600372e+02,
       1.10274695e+03, 2.61638855e+02, 1.12202539e+03, 5.99739258e+02,
       9.47569031e+02, 5.60474976e+02, 9.61896606e+02, 5.20012451e+02,
       9.76585022e+02, 4.78325562e+02, 9.91744141e+02, 4.35243164e+02,
       1.00746539e+03, 3.90571350e+02, 1.02367346e+03, 3.44540100e+02,
       1.04045776e+03, 2.96588257e+02, 1.05792236e+03, 2.46789108e+02,
       1.07614807e+03, 5.84113098e+02, 9.09098328e+02, 5.44826477e+02,
       9.22631165e+02, 5.04532104e+02, 9.36572937e+02, 4.62824585e+02,
       9.50932068e+02, 4.19846069e+02, 9.65791077e+02, 3.75488556e+02,
       9.81172607e+02, 3.29592377e+02, 9.97012024e+02, 2.81825745e+02,
       1.01353564e+03, 2.32353622e+02, 1.03067615e+03, 5.68746521e+02,
       8.71222473e+02, 5.29621277e+02, 8.84008118e+02, 4.89440704e+02,
       8.97189880e+02, 4.47853485e+02, 9.10741760e+02, 4.05034882e+02,
       9.24754639e+02, 3.60750122e+02, 9.39286194e+02, 3.15077515e+02,
       9.54275146e+02, 2.67539398e+02, 9.69806824e+02, 2.18266586e+02,
       9.86048523e+02, 5.53795227e+02, 8.33842590e+02, 5.14765076e+02,
       8.45978333e+02, 4.74687683e+02, 8.58393494e+02, 4.33331482e+02,
       8.71191467e+02, 3.90604919e+02, 8.84410645e+02, 3.46508514e+02,
       8.98102173e+02, 3.01017761e+02, 9.12215210e+02, 2.53613190e+02,
       9.26844299e+02, 2.04583786e+02, 9.42118652e+02, 5.39208435e+02,
       7.96852661e+02, 5.00312561e+02, 8.08316162e+02, 4.60306000e+02,
       8.19994690e+02, 4.19040405e+02, 8.32017029e+02, 3.76505737e+02,
       8.44470581e+02, 3.32579224e+02, 8.57334473e+02, 2.87239227e+02,
       8.70574036e+02, 2.40142319e+02, 8.84419312e+02, 1.91280518e+02,
       8.98703186e+02 ]
