%YAML:1.0
---
image_points: !!opencv-matrix
   rows: 54
   cols: 2
   dt: f
   data: [ 1.12907678e+03, 5.15223083e+02, 1.08510266e+03,
       5.16589294e+02, 1.04122717e+03, 5.18067261e+02, 9.97397583e+02,
       5.19509155e+02, 9.53606506e+02, 5.20995850e+02, 9.09914307e+02,
       5.22518311e+02, 8.66454712e+02, 5.24118713e+02, 8.22854736e+02,
       5.25614380e+02, 7.79592529e+02, 5.27297913e+02, 1.12760815e+03,
       4.71440857e+02, 1.08360449e+03, 4.72874084e+02, 1.03973425e+03,
       4.74341553e+02, 9.95888123e+02, 4.75827148e+02, 9.52191284e+02,
       4.77395844e+02, 9.08459717e+02, 4.78978882e+02, 8.64952393e+02,
       4.80578430e+02, 8.21472351e+02, 4.82291351e+02, 7.78206848e+02,
       4.83902161e+02, 1.12613916e+03, 4.27514709e+02, 1.08215344e+03,
       4.28993195e+02, 1.03830530e+03, 4.30455475e+02, 9.94448303e+02,
       4.32038025e+02, 9.50662537e+02, 4.33607880e+02, 9.07046448e+02,
       4.35268250e+02, 8.63562805e+02, 4.36929565e+02, 8.20099976e+02,
       4.38640991e+02, 7.76770447e+02, 4.40445435e+02, 1.12457190e+03,
       3.83808350e+02, 1.08060083e+03, 3.85310150e+02, 1.03674866e+03,
       3.86734039e+02, 9.92915161e+02, 3.88374054e+02, 9.49287170e+02,
       3.90009308e+02, 9.05599854e+02, 3.91624359e+02, 8.62144409e+02,
       3.93415802e+02, 8.18679077e+02, 3.95247772e+02, 7.75404602e+02,
       3.97072327e+02, 1.12294287e+03, 3.40345947e+02, 1.07904053e+03,
       3.41752045e+02, 1.03527112e+03, 3.43303711e+02, 9.91484436e+02,
       3.44855835e+02, 9.47739807e+02, 3.46510956e+02, 9.04185059e+02,
       3.48284424e+02, 8.60715271e+02, 3.50104065e+02, 8.17315979e+02,
       3.51909454e+02, 7.74047241e+02, 3.53796295e+02, 1.12133569e+03,
       2.96706360e+02, 1.07744604e+03, 2.98246460e+02, 1.03368115e+03,
       2.99743530e+02, 9.89953796e+02, 3.01362488e+02, 9.46340271e+02,
       3.03096008e+02, 9.02715881e+02, 3.04794250e+02, 8.59341064e+02,
       3.06617554e+02, 8.15902954e+02, 3.08539001e+02, 7.72682617e+02,
       3.10558167e+02 ]
