%YAML:1.0
---
image_points: !!opencv-matrix
   rows: 54
   cols: 2
   dt: f
   data: [ 4.98031738e+02, 7.77545593e+02, 4.58943451e+02,
       7.79703064e+02, 4.20366150e+02, 7.81964233e+02, 3.81999023e+02,
       7.84230896e+02, 3.44009369e+02, 7.86357239e+02, 3.06291321e+02,
       7.88471069e+02, 2.68767883e+02, 7.90567749e+02, 2.31403992e+02,
       7.92661743e+02, 1.94202286e+02, 7.94849609e+02, 4.94808441e+02,
       7.37252319e+02, 4.55787415e+02, 7.39527161e+02, 4.17213287e+02,
       7.41779846e+02, 3.78797760e+02, 7.44249146e+02, 3.40780853e+02,
       7.46499146e+02, 3.03074615e+02, 7.48724121e+02, 2.65620819e+02,
       7.51090942e+02, 2.28285767e+02, 7.53376587e+02, 1.91129486e+02,
       7.55556458e+02, 4.91763214e+02, 6.96479370e+02, 4.52747681e+02,
       6.98965027e+02, 4.14099640e+02, 7.01476501e+02, 3.75660187e+02,
       7.03932739e+02, 3.37668549e+02, 7.06425781e+02, 2.99974487e+02,
       7.08779907e+02, 2.62523651e+02, 7.11314331e+02, 2.25177307e+02,
       7.13618591e+02, 1.88037720e+02, 7.16113525e+02, 4.88789307e+02,
       6.55752808e+02, 4.49714569e+02, 6.58487793e+02, 4.11071106e+02,
       6.61195984e+02, 3.72638977e+02, 6.63675476e+02, 3.34636047e+02,
       6.66423035e+02, 2.96840118e+02, 6.68871704e+02, 2.59409058e+02,
       6.71493286e+02, 2.22022064e+02, 6.74046509e+02, 1.84822418e+02,
       6.76554138e+02, 4.85975677e+02, 6.15294800e+02, 4.46809113e+02,
       6.18065002e+02, 4.08152893e+02, 6.20737732e+02, 3.69659088e+02,
       6.23523071e+02, 3.31607635e+02, 6.26345459e+02, 2.93775055e+02,
       6.29074219e+02, 2.56327423e+02, 6.31709412e+02, 2.18875214e+02,
       6.34473389e+02, 1.81704865e+02, 6.37179565e+02, 4.83136078e+02,
       5.74437805e+02, 4.44058075e+02, 5.77395874e+02, 4.05304352e+02,
       5.80368713e+02, 3.66753418e+02, 5.83261047e+02, 3.28635773e+02,
       5.86180481e+02, 2.90775909e+02, 5.88963257e+02, 2.53337753e+02,
       5.91791199e+02, 2.15777481e+02, 5.94637451e+02, 1.78555206e+02,
       5.97504272e+02 ]
