%YAML:1.0
---
image_points: !!opencv-matrix
   rows: 54
   cols: 2
   dt: f
   data: [ 4.40853424e+02, 3.21125244e+02, 4.00804871e+02,
       3.24665344e+02, 3.61363434e+02, 3.28385925e+02, 3.22103333e+02,
       3.31898743e+02, 2.83226318e+02, 3.35486206e+02, 2.44611115e+02,
       3.39108398e+02, 2.06367798e+02, 3.42546173e+02, 1.68151245e+02,
       3.46048798e+02, 1.30193558e+02, 3.49452850e+02, 4.40706970e+02,
       2.80614594e+02, 4.00859253e+02, 2.84442169e+02, 3.61427856e+02,
       2.88229309e+02, 3.22315094e+02, 2.91815002e+02, 2.83501099e+02,
       2.95556793e+02, 2.44951141e+02, 2.99283783e+02, 2.06785187e+02,
       3.02843048e+02, 1.68644974e+02, 3.06464600e+02, 1.30794250e+02,
       3.10028473e+02, 4.40656281e+02, 2.40409637e+02, 4.00980560e+02,
       2.44356735e+02, 3.61568604e+02, 2.48157959e+02, 3.22493561e+02,
       2.51924637e+02, 2.83770050e+02, 2.55728699e+02, 2.45416183e+02,
       2.59546234e+02, 2.07293457e+02, 2.63273621e+02, 1.69215225e+02,
       2.66919678e+02, 1.31375900e+02, 2.70557678e+02, 4.40655334e+02,
       2.00636002e+02, 4.01075317e+02, 2.04596375e+02, 3.61742645e+02,
       2.08514267e+02, 3.22747314e+02, 2.12450302e+02, 2.84211914e+02,
       2.16378876e+02, 2.45731491e+02, 2.20181458e+02, 2.07635849e+02,
       2.23929962e+02, 1.69588821e+02, 2.27666092e+02, 1.31714417e+02,
       2.31414474e+02, 4.40734589e+02, 1.61426102e+02, 4.01246155e+02,
       1.65431778e+02, 3.61939240e+02, 1.69370331e+02, 3.23025635e+02,
       1.73311951e+02, 2.84457611e+02, 1.77231735e+02, 2.46065399e+02,
       1.81151871e+02, 2.07933594e+02, 1.84954346e+02, 1.69911270e+02,
       1.88749802e+02, 1.32078186e+02, 1.92495911e+02, 4.40740570e+02,
       1.22317329e+02, 4.01373718e+02, 1.26368027e+02, 3.62232086e+02,
       1.30383972e+02, 3.23331573e+02, 1.34338211e+02, 2.84702515e+02,
       1.38326630e+02, 2.46386169e+02, 1.42239639e+02, 2.08384705e+02,
       1.46164963e+02, 1.70261719e+02, 1.49898865e+02, 1.32358368e+02,
       1.53696976e+02 ]
