%YAML:1.0
---
image_points: !!opencv-matrix
   rows: 54
   cols: 2
   dt: f
   data: [ 1.28053088e+03, 8.19834290e+02, 1.23871692e+03,
       8.20188049e+02, 1.19715466e+03, 8.20408325e+02, 1.15558899e+03,
       8.20585693e+02, 1.11420850e+03, 8.20704163e+02, 1.07283093e+03,
       8.20817017e+02, 1.03172302e+03, 8.20915100e+02, 9.90552856e+02,
       8.20919922e+02, 9.49618958e+02, 8.20937195e+02, 1.28027490e+03,
       7.78539246e+02, 1.23846338e+03, 7.78822876e+02, 1.19680505e+03,
       7.79157227e+02, 1.15531067e+03, 7.79432800e+02, 1.11382678e+03,
       7.79637756e+02, 1.07247412e+03, 7.79837341e+02, 1.03137366e+03,
       7.79982178e+02, 9.90232849e+02, 7.80164612e+02, 9.49262573e+02,
       7.80239868e+02, 1.27985950e+03, 7.36847229e+02, 1.23813733e+03,
       7.37310364e+02, 1.19651978e+03, 7.37617004e+02, 1.15488806e+03,
       7.37962585e+02, 1.11347705e+03, 7.38316162e+02, 1.07215076e+03,
       7.38578125e+02, 1.03096631e+03, 7.38788635e+02, 9.89785706e+02,
       7.39032715e+02, 9.48798523e+02, 7.39245728e+02, 1.27947058e+03,
       6.95348633e+02, 1.23767859e+03, 6.95732605e+02, 1.19612024e+03,
       6.96213989e+02, 1.15451892e+03, 6.96574646e+02, 1.11309290e+03,
       6.96969238e+02, 1.07168542e+03, 6.97339478e+02, 1.03053162e+03,
       6.97663879e+02, 9.89402100e+02, 6.97964966e+02, 9.48407166e+02,
       6.98281799e+02, 1.27890491e+03, 6.53794373e+02, 1.23720752e+03,
       6.54343628e+02, 1.19560754e+03, 6.54757263e+02, 1.15410022e+03,
       6.55266418e+02, 1.11264001e+03, 6.55678284e+02, 1.07128027e+03,
       6.56170227e+02, 1.03012354e+03, 6.56570801e+02, 9.88931274e+02,
       6.56965454e+02, 9.47926514e+02, 6.57380859e+02, 1.27837634e+03,
       6.12198914e+02, 1.23663330e+03, 6.12666382e+02, 1.19511926e+03,
       6.13265808e+02, 1.15357300e+03, 6.13720398e+02, 1.11217834e+03,
       6.14323914e+02, 1.07079089e+03, 6.14783081e+02, 1.02961609e+03,
       6.15343994e+02, 9.88470276e+02, 6.15797424e+02, 9.47505493e+02,
       6.16365173e+02 ]
