%YAML:1.0
---
image_points: !!opencv-matrix
   rows: 54
   cols: 2
   dt: f
   data: [ 5.36613098e+02, 9.71159302e+02, 4.97608582e+02,
       9.72656555e+02, 4.58938599e+02, 9.74321960e+02, 4.20429291e+02,
       9.75785400e+02, 3.82161530e+02, 9.77386169e+02, 3.44022003e+02,
       9.78838013e+02, 3.06116333e+02, 9.80448975e+02, 2.68104736e+02,
       9.81959412e+02, 2.30253647e+02, 9.83542542e+02, 5.34193420e+02,
       9.31594299e+02, 4.95221558e+02, 9.33339844e+02, 4.56490875e+02,
       9.34858521e+02, 4.18003387e+02, 9.36532654e+02, 3.79688721e+02,
       9.38233276e+02, 3.41599823e+02, 9.39695129e+02, 3.03727325e+02,
       9.41373779e+02, 2.65825714e+02, 9.42923340e+02, 2.28110641e+02,
       9.44531433e+02, 5.31702148e+02, 8.91761963e+02, 4.92769012e+02,
       8.93552979e+02, 4.54110321e+02, 8.95366089e+02, 4.15558716e+02,
       8.97056885e+02, 3.77394897e+02, 8.98635925e+02, 3.39344849e+02,
       9.00436401e+02, 3.01502960e+02, 9.02041870e+02, 2.63636444e+02,
       9.03656738e+02, 2.25958267e+02, 9.05408447e+02, 5.29410034e+02,
       8.52157715e+02, 4.90435730e+02, 8.53910828e+02, 4.51728638e+02,
       8.55676270e+02, 4.13309784e+02, 8.57522095e+02, 3.75088501e+02,
       8.59372742e+02, 3.37030060e+02, 8.61099854e+02, 2.99247345e+02,
       8.62743774e+02, 2.61429626e+02, 8.64507629e+02, 2.23695114e+02,
       8.66337219e+02, 5.27190430e+02, 8.12438232e+02, 4.88169952e+02,
       8.14391235e+02, 4.49452087e+02, 8.16302063e+02, 4.10963013e+02,
       8.18158752e+02, 3.72750580e+02, 8.19963501e+02, 3.34730743e+02,
       8.21747986e+02, 2.96926971e+02, 8.23611755e+02, 2.59192657e+02,
       8.25484314e+02, 2.21530792e+02, 8.27337646e+02, 5.24842957e+02,
       7.72512756e+02, 4.85931793e+02, 7.74512146e+02, 4.47289825e+02,
       7.76514343e+02, 4.08723999e+02, 7.78495178e+02, 3.70537811e+02,
       7.80496704e+02, 3.32514160e+02, 7.82437622e+02, 2.94722412e+02,
       7.84399231e+02, 2.56917816e+02, 7.86308044e+02, 2.19312088e+02,
       7.88224182e+02 ]
