%YAML:1.0
---
image_points: !!opencv-matrix
   rows: 54
   cols: 2
   dt: f
   data: [ 1.06304822e+03, 9.21459656e+02, 1.02261334e+03,
       9.25522461e+02, 9.82405029e+02, 9.29516418e+02, 9.42281860e+02,
       9.33447632e+02, 9.02280334e+02, 9.37282776e+02, 8.62394653e+02,
       9.41012390e+02, 8.22676147e+02, 9.44696045e+02, 7.83007935e+02,
       9.48366943e+02, 7.43537476e+02, 9.51874695e+02, 1.05882117e+03,
       8.81423218e+02, 1.01843884e+03, 8.85505432e+02, 9.78240662e+02,
       8.89536621e+02, 9.38098511e+02, 8.93513428e+02, 8.98081726e+02,
       8.97415466e+02, 8.58201050e+02, 9.01294128e+02, 8.18518616e+02,
       9.04973145e+02, 7.78818359e+02, 9.08696533e+02, 7.39411377e+02,
       9.12335388e+02, 1.05460291e+03, 8.41092712e+02, 1.01425873e+03,
       8.45230103e+02, 9.74030579e+02, 8.49336121e+02, 9.33824585e+02,
       8.53369263e+02, 8.93843201e+02, 8.57322449e+02, 8.54007629e+02,
       8.61251953e+02, 8.14380615e+02, 8.65033691e+02, 7.74668213e+02,
       8.68761841e+02, 7.35310120e+02, 8.72490112e+02, 1.05039490e+03,
       8.00787170e+02, 1.01001068e+03, 8.05032837e+02, 9.69764526e+02,
       8.09160278e+02, 9.29645691e+02, 8.13247681e+02, 8.89685547e+02,
       8.17303101e+02, 8.49800781e+02, 8.21246277e+02, 8.10192139e+02,
       8.25157776e+02, 7.70554932e+02, 8.28927673e+02, 7.31159485e+02,
       8.32698792e+02, 1.04614600e+03, 7.60616333e+02, 1.00575983e+03,
       7.64828064e+02, 9.65588196e+02, 7.69085510e+02, 9.25495850e+02,
       7.73192627e+02, 8.85526489e+02, 7.77277893e+02, 8.45636719e+02,
       7.81325806e+02, 8.06032837e+02, 7.85308105e+02, 7.66411621e+02,
       7.89211914e+02, 7.26993164e+02, 7.93067566e+02, 1.04179590e+03,
       7.20284668e+02, 1.00152692e+03, 7.24531982e+02, 9.61395142e+02,
       7.28725586e+02, 9.21333130e+02, 7.32929688e+02, 8.81352356e+02,
       7.37146667e+02, 8.41501221e+02, 7.41234924e+02, 8.01846802e+02,
       7.45295593e+02, 7.62292358e+02, 7.49283630e+02, 7.22850952e+02,
       7.53263123e+02 ]
