%YAML:1.0
---
image_points: !!opencv-matrix
   rows: 54
   cols: 2
   dt: f
   data: [ 7.90373596e+02, 9.90185486e+02, 7.50613342e+02,
       9.89718323e+02, 7.11275818e+02, 9.89309204e+02, 6.72005798e+02,
       9.88719543e+02, 6.32979004e+02, 9.88213379e+02, 5.94229614e+02,
       9.87520996e+02, 5.55605347e+02, 9.86842041e+02, 5.17131226e+02,
       9.86263306e+02, 4.78758942e+02, 9.85497620e+02, 7.90302612e+02,
       9.50487976e+02, 7.50555847e+02, 9.50156494e+02, 7.11240112e+02,
       9.49664246e+02, 6.71947449e+02, 9.49301086e+02, 6.32983582e+02,
       9.48697815e+02, 5.94207092e+02, 9.48251404e+02, 5.55644226e+02,
       9.47577454e+02, 5.17241577e+02, 9.46993713e+02, 4.78959167e+02,
       9.46370239e+02, 7.90258179e+02, 9.10530640e+02, 7.50547668e+02,
       9.10279419e+02, 7.11207825e+02, 9.09859009e+02, 6.71906250e+02,
       9.09524536e+02, 6.33009949e+02, 9.09100891e+02, 5.94287659e+02,
       9.08609253e+02, 5.55721985e+02, 9.08180847e+02, 5.17374878e+02,
       9.07567200e+02, 4.79218872e+02, 9.07027344e+02, 7.90244202e+02,
       8.70661011e+02, 7.50541016e+02, 8.70468323e+02, 7.11222290e+02,
       8.70208313e+02, 6.72001709e+02, 8.69812439e+02, 6.33111816e+02,
       8.69535034e+02, 5.94350891e+02, 8.69183289e+02, 5.55819580e+02,
       8.68682373e+02, 5.17491394e+02, 8.68325012e+02, 4.79344299e+02,
       8.67727112e+02, 7.90243958e+02, 8.30828430e+02, 7.50562866e+02,
       8.30693420e+02, 7.11274658e+02, 8.30536621e+02, 6.72113953e+02,
       8.30341675e+02, 6.33198547e+02, 8.30052307e+02, 5.94431580e+02,
       8.29692200e+02, 5.55978271e+02, 8.29461304e+02, 5.17585693e+02,
       8.29111938e+02, 4.79480530e+02, 8.28634644e+02, 7.90254639e+02,
       7.90877747e+02, 7.50626282e+02, 7.90771423e+02, 7.11360291e+02,
       7.90679993e+02, 6.72231201e+02, 7.90565979e+02, 6.33300415e+02,
       7.90466980e+02, 5.94548035e+02, 7.90286560e+02, 5.56209167e+02,
       7.90018188e+02, 5.17729736e+02, 7.89664978e+02, 4.79642151e+02,
       7.89460266e+02 ]
