%YAML:1.0
---
image_points: !!opencv-matrix
   rows: 54
   cols: 2
   dt: f
   data: [ 1.10499402e+03, 8.17223938e+02, 1.06387964e+03,
       8.17322998e+02, 1.02283643e+03, 8.17380676e+02, 9.81816101e+02,
       8.17404053e+02, 9.40846863e+02, 8.17385742e+02, 8.99888184e+02,
       8.17335938e+02, 8.59112183e+02, 8.17270447e+02, 8.18173828e+02,
       8.17119385e+02, 7.77373596e+02, 8.16917603e+02, 1.10522595e+03,
       7.76558105e+02, 1.06402344e+03, 7.76624023e+02, 1.02289661e+03,
       7.76672913e+02, 9.81826782e+02, 7.76730896e+02, 9.40770935e+02,
       7.76716614e+02, 8.99721008e+02, 7.76717529e+02, 8.58823975e+02,
       7.76641418e+02, 8.17859375e+02, 7.76567749e+02, 7.77041504e+02,
       7.76444275e+02, 1.10536511e+03, 7.35521606e+02, 1.06414734e+03,
       7.35586975e+02, 1.02300781e+03, 7.35677368e+02, 9.81768860e+02,
       7.35723083e+02, 9.40714417e+02, 7.35737061e+02, 8.99624268e+02,
       7.35781860e+02, 8.58658447e+02, 7.35728638e+02, 8.17628052e+02,
       7.35663330e+02, 7.76726624e+02, 7.35598633e+02, 1.10544641e+03,
       6.94506042e+02, 1.06422754e+03, 6.94606628e+02, 1.02303711e+03,
       6.94620544e+02, 9.81802185e+02, 6.94702576e+02, 9.40643555e+02,
       6.94738159e+02, 8.99525879e+02, 6.94738098e+02, 8.58476196e+02,
       6.94764832e+02, 8.17455566e+02, 6.94724670e+02, 7.76478210e+02,
       6.94685974e+02, 1.10549280e+03, 6.53453430e+02, 1.06423621e+03,
       6.53502563e+02, 1.02302094e+03, 6.53591431e+02, 9.81779663e+02,
       6.53648010e+02, 9.40586609e+02, 6.53684875e+02, 8.99402466e+02,
       6.53727112e+02, 8.58371948e+02, 6.53789368e+02, 8.17238525e+02,
       6.53777039e+02, 7.76226379e+02, 6.53807922e+02, 1.10552771e+03,
       6.12138123e+02, 1.06424988e+03, 6.12242798e+02, 1.02302313e+03,
       6.12299805e+02, 9.81739746e+02, 6.12373596e+02, 9.40512939e+02,
       6.12456787e+02, 8.99313843e+02, 6.12518677e+02, 8.58201782e+02,
       6.12575989e+02, 8.17027466e+02, 6.12622498e+02, 7.75964478e+02,
       6.12680115e+02 ]
