%YAML:1.0
---
image_points: !!opencv-matrix
   rows: 54
   cols: 2
   dt: f
   data: [ 1.35005249e+03, 8.22164795e+02, 1.30827209e+03,
       8.21670105e+02, 1.26659570e+03, 8.21281067e+02, 1.22503748e+03,
       8.20719421e+02, 1.18354932e+03, 8.20250977e+02, 1.14216528e+03,
       8.19649475e+02, 1.10092468e+03, 8.19094421e+02, 1.05960779e+03,
       8.18441711e+02, 1.01855994e+03, 8.17769470e+02, 1.35049255e+03,
       7.80726196e+02, 1.30866174e+03, 7.80423096e+02, 1.26703796e+03,
       7.79947021e+02, 1.22545166e+03, 7.79559265e+02, 1.18395874e+03,
       7.79128662e+02, 1.14251392e+03, 7.78640198e+02, 1.10130603e+03,
       7.78153015e+02, 1.06001978e+03, 7.77587158e+02, 1.01887903e+03,
       7.76967529e+02, 1.35082141e+03, 7.39149658e+02, 1.30904187e+03,
       7.38736084e+02, 1.26744189e+03, 7.38473389e+02, 1.22576636e+03,
       7.38135376e+02, 1.18433850e+03, 7.37686890e+02, 1.14287317e+03,
       7.37364746e+02, 1.10163806e+03, 7.36885254e+02, 1.06036279e+03,
       7.36463989e+02, 1.01926202e+03, 7.35966187e+02, 1.35109766e+03,
       6.97530884e+02, 1.30934583e+03, 6.97335388e+02, 1.26769556e+03,
       6.96947083e+02, 1.22612256e+03, 6.96673767e+02, 1.18461414e+03,
       6.96413940e+02, 1.14323132e+03, 6.96076599e+02, 1.10190552e+03,
       6.95712036e+02, 1.06064624e+03, 6.95384949e+02, 1.01950781e+03,
       6.94944702e+02, 1.35124060e+03, 6.56083191e+02, 1.30949146e+03,
       6.55795410e+02, 1.26790063e+03, 6.55591309e+02, 1.22637952e+03,
       6.55383362e+02, 1.18486194e+03, 6.55159607e+02, 1.14346057e+03,
       6.54836609e+02, 1.10224194e+03, 6.54604248e+02, 1.06089685e+03,
       6.54339478e+02, 1.01976526e+03, 6.54054321e+02, 1.35131396e+03,
       6.14410217e+02, 1.30959814e+03, 6.14272888e+02, 1.26806641e+03,
       6.14079590e+02, 1.22653027e+03, 6.13840576e+02, 1.18509583e+03,
       6.13677185e+02, 1.14366724e+03, 6.13522461e+02, 1.10244568e+03,
       6.13372681e+02, 1.06118506e+03, 6.13196472e+02, 1.02003912e+03,
       6.12977844e+02 ]
