%YAML:1.0
---
image_points: !!opencv-matrix
   rows: 54
   cols: 2
   dt: f
   data: [ 1.12736951e+03, 3.50917908e+02, 1.08166467e+03,
       3.52725647e+02, 1.03623950e+03, 3.54665771e+02, 9.90732849e+02,
       3.56542389e+02, 9.45448608e+02, 3.58550873e+02, 9.00264771e+02,
       3.60592407e+02, 8.55291992e+02, 3.62627228e+02, 8.10323303e+02,
       3.64781921e+02, 7.65499817e+02, 3.66991241e+02, 1.12453564e+03,
       3.10397369e+02, 1.07938342e+03, 3.12298920e+02, 1.03438074e+03,
       3.14163025e+02, 9.89355896e+02, 3.16096710e+02, 9.44546692e+02,
       3.18047302e+02, 8.99722961e+02, 3.20230621e+02, 8.55321228e+02,
       3.22329926e+02, 8.10715698e+02, 3.24555786e+02, 7.66521057e+02,
       3.26729065e+02, 1.12168835e+03, 2.70527374e+02, 1.07702710e+03,
       2.72438110e+02, 1.03245581e+03, 2.74299713e+02, 9.87953552e+02,
       2.76216766e+02, 9.43570679e+02, 2.78285461e+02, 8.99351257e+02,
       2.80396515e+02, 8.55322449e+02, 2.82524567e+02, 8.11324585e+02,
       2.84764313e+02, 7.67458557e+02, 2.87142578e+02, 1.11889392e+03,
       2.31707199e+02, 1.07467346e+03, 2.33505875e+02, 1.03061462e+03,
       2.35357056e+02, 9.86588257e+02, 2.37316315e+02, 9.42693909e+02,
       2.39401138e+02, 8.98808838e+02, 2.41447311e+02, 8.55341248e+02,
       2.43610428e+02, 8.11651672e+02, 2.45867767e+02, 7.68392395e+02,
       2.48182434e+02, 1.11618774e+03, 1.93805344e+02, 1.07242700e+03,
       1.95558578e+02, 1.02875330e+03, 1.97382324e+02, 9.85312012e+02,
       1.99253342e+02, 9.41749878e+02, 2.01296631e+02, 8.98457703e+02,
       2.03382416e+02, 8.55343018e+02, 2.05495102e+02, 8.12212036e+02,
       2.07745758e+02, 7.69257996e+02, 2.10108719e+02, 1.11343689e+03,
       1.56484711e+02, 1.07018774e+03, 1.58307037e+02, 1.02700586e+03,
       1.60087311e+02, 9.83863525e+02, 1.61874542e+02, 9.40866699e+02,
       1.63842850e+02, 8.98030396e+02, 1.65919174e+02, 8.55366516e+02,
       1.68158295e+02, 8.12544067e+02, 1.70347321e+02, 7.70082764e+02,
       1.72633163e+02 ]
