%YAML:1.0
---
image_points: !!opencv-matrix
   rows: 54
   cols: 2
   dt: f
   data: [ 9.61094421e+02, 1.12153687e+03, 9.21908203e+02,
       1.11967310e+03, 8.83027283e+02, 1.11778601e+03, 8.44231384e+02,
       1.11582886e+03, 8.05469299e+02, 1.11375537e+03, 7.66832214e+02,
       1.11166260e+03, 7.28490967e+02, 1.10952527e+03, 6.90048401e+02,
       1.10730103e+03, 6.51753845e+02, 1.10496289e+03, 9.62561890e+02,
       1.08357214e+03, 9.23410217e+02, 1.08173230e+03, 8.84403076e+02,
       1.07986047e+03, 8.45467590e+02, 1.07799158e+03, 8.06625732e+02,
       1.07597217e+03, 7.67960938e+02, 1.07389526e+03, 7.29520813e+02,
       1.07171643e+03, 6.91057251e+02, 1.06957446e+03, 6.52699646e+02,
       1.06730835e+03, 9.64122559e+02, 1.04522412e+03, 9.24785583e+02,
       1.04343079e+03, 8.85717834e+02, 1.04161938e+03, 8.46677979e+02,
       1.03973169e+03, 8.07837769e+02, 1.03772107e+03, 7.69183044e+02,
       1.03573730e+03, 7.30579407e+02, 1.03364185e+03, 6.92078247e+02,
       1.03150171e+03, 6.53678345e+02, 1.02931580e+03, 9.65591248e+02,
       1.00670679e+03, 9.26317871e+02, 1.00502222e+03, 8.87178650e+02,
       1.00325110e+03, 8.48057251e+02, 1.00142041e+03, 8.09163391e+02,
       9.99523254e+02, 7.70326233e+02, 9.97517273e+02, 7.31608643e+02,
       9.95496643e+02, 6.93099731e+02, 9.93396301e+02, 6.54594116e+02,
       9.91258179e+02, 9.67178711e+02, 9.68145386e+02, 9.27676514e+02,
       9.66472046e+02, 8.88500977e+02, 9.64730591e+02, 8.49388611e+02,
       9.62915222e+02, 8.10370728e+02, 9.61127747e+02, 7.71418701e+02,
       9.59242188e+02, 7.32681946e+02, 9.57286804e+02, 6.94040771e+02,
       9.55236084e+02, 6.55535522e+02, 9.53161377e+02, 9.68590576e+02,
       9.29224670e+02, 9.29230469e+02, 9.27572205e+02, 8.89862610e+02,
       9.25876160e+02, 8.50636536e+02, 9.24229065e+02, 8.11552551e+02,
       9.22450928e+02, 7.72582947e+02, 9.20572571e+02, 7.33762878e+02,
       9.18644958e+02, 6.95066895e+02, 9.16659729e+02, 6.56493469e+02,
       9.14674622e+02 ]
