%YAML:1.0
---
image_points: !!opencv-matrix
   rows: 54
   cols: 2
   dt: f
   data: [ 9.13036377e+02, 7.29791931e+02, 8.73500366e+02,
       7.29835388e+02, 8.34113770e+02, 7.29890625e+02, 7.94670166e+02,
       7.29908875e+02, 7.55425659e+02, 7.29865540e+02, 7.16246643e+02,
       7.29828979e+02, 6.77182861e+02, 7.29784424e+02, 6.37965454e+02,
       7.29675781e+02, 5.99009338e+02, 7.29619263e+02, 9.12994385e+02,
       6.90548645e+02, 8.73511719e+02, 6.90583374e+02, 8.34196533e+02,
       6.90613342e+02, 7.94781372e+02, 6.90625305e+02, 7.55572693e+02,
       6.90630859e+02, 7.16399841e+02, 6.90612732e+02, 6.77395203e+02,
       6.90597778e+02, 6.38297668e+02, 6.90577026e+02, 5.99392456e+02,
       6.90515869e+02, 9.12978455e+02, 6.51197449e+02, 8.73556274e+02,
       6.51249146e+02, 8.34307129e+02, 6.51266846e+02, 7.94957275e+02,
       6.51315491e+02, 7.55757751e+02, 6.51325012e+02, 7.16608032e+02,
       6.51354736e+02, 6.77644043e+02, 6.51351013e+02, 6.38617188e+02,
       6.51356079e+02, 5.99723511e+02, 6.51354675e+02, 9.12976990e+02,
       6.11983398e+02, 8.73604370e+02, 6.12023376e+02, 8.34403259e+02,
       6.12007751e+02, 7.95197876e+02, 6.12083008e+02, 7.56039856e+02,
       6.12127869e+02, 7.16898987e+02, 6.12159058e+02, 6.77968384e+02,
       6.12212585e+02, 6.39019287e+02, 6.12208496e+02, 6.00147400e+02,
       6.12245300e+02, 9.12955688e+02, 5.72982666e+02, 8.73651611e+02,
       5.73012085e+02, 8.34491455e+02, 5.73037476e+02, 7.95395996e+02,
       5.73029724e+02, 7.56290466e+02, 5.73098267e+02, 7.17240356e+02,
       5.73155762e+02, 6.78359985e+02, 5.73221008e+02, 6.39396240e+02,
       5.73269653e+02, 6.00504028e+02, 5.73307312e+02, 9.12973938e+02,
       5.33979431e+02, 8.73758057e+02, 5.33964539e+02, 8.34646790e+02,
       5.33984985e+02, 7.95565430e+02, 5.34009521e+02, 7.56533081e+02,
       5.34087280e+02, 7.17566345e+02, 5.34140747e+02, 6.78649475e+02,
       5.34206116e+02, 6.39776489e+02, 5.34270081e+02, 6.01020325e+02,
       5.34373108e+02 ]
