%YAML:1.0
---
e: !!opencv-matrix
   rows: 3
   cols: 3
   dt: d
   data: [ 4.2156433180731381e-02, 6.4893999500939314e-01,
       -2.1014957633878324e+00, -2.6504070706640084e+00,
       5.3907885503984676e-01, 1.0521299479360869e+02,
       1.7059092934980753e+00, -1.0525124437982618e+02,
       5.6909069753740382e-01 ]
f: !!opencv-matrix
   rows: 3
   cols: 3
   dt: d
   data: [ -1.6147957496232498e-08, -2.4873384059077386e-07,
       1.2962246650965788e-03, 1.0157912916179668e-06,
       -2.0673823134311396e-07, -5.7528550074851442e-02,
       -1.5269194057633067e-03, 5.6747225218769924e-02, 1. ]
r: !!opencv-matrix
   rows: 3
   cols: 3
   dt: d
   data: [ 9.9984060837166056e-01, -3.5798368861720627e-03,
       1.7491215476801575e-02, 3.5633815334134909e-03,
       9.9999317888267614e-01, 9.7185398457394728e-04,
       -1.7494575245910624e-02, -9.0937120495782823e-04,
       9.9984654466621858e-01 ]
reprojection_error: 1.3676387068911003e-01
t: !!opencv-matrix
   rows: 3
   cols: 1
   dt: d
   data: [ -1.0645976211913806e+02, -9.0527382868067358e-02,
       8.1873165078533983e-01 ]
