camera_matrix:
- - 1405.0146773151428
  - 0.0
  - 981.6902754576417
- - 0.0
  - 1404.1201301473
  - 600.5255783031834
- - 0.0
  - 0.0
  - 1.0
dist_coeff:
- - -0.1317174720608557
  - 0.11846020504880317
  - -0.0004592214968374932
  - -0.0024092600435455707
  - -0.03188465464796399
reprojection_error: 0.016760748969356226
