%YAML:1.0
---
camera_matrix: !!opencv-matrix
   rows: 3
   cols: 3
   dt: d
   data: [ 1.3976172606688081e+03, 0., 9.5086478056414194e+02, 0.,
       1.3968510252021129e+03, 6.1922817076224385e+02, 0., 0., 1. ]
dist_coeff: !!opencv-matrix
   rows: 1
   cols: 5
   dt: d
   data: [ -1.3425950594056507e-01, 1.0660084051979549e-01,
       6.1919437025953396e-04, -1.9410257274990606e-03,
       -3.0433769178645244e-03 ]
reprojection_error: 1.6736212836200044e-02
size: !!opencv-matrix
   rows: 2
   cols: 1
   dt: d
   data: [ 1936., 1216. ]
