%YAML:1.0
---
camera_matrix: !!opencv-matrix
   rows: 3
   cols: 3
   dt: d
   data: [ 1.4050146773151428e+03, 0., 9.8169027545764175e+02, 0.,
       1.4041201301473000e+03, 6.0052557830318335e+02, 0., 0., 1. ]
dist_coeff: !!opencv-matrix
   rows: 1
   cols: 5
   dt: d
   data: [ -1.3171747206085571e-01, 1.1846020504880317e-01,
       -4.5922149683749318e-04, -2.4092600435455707e-03,
       -3.1884654647963993e-02 ]
reprojection_error: 1.6760748969356226e-02
size: !!opencv-matrix
   rows: 2
   cols: 1
   dt: d
   data: [ 1936., 1216. ]
