%YAML:1.0
---
Points: !!opencv-matrix
   rows: 54
   cols: 2
   dt: d
   data: [ 5.8921331787109375e+02, 1.0733201904296875e+03,
       5.5107086181640625e+02, 1.0726202392578125e+03,
       5.1332824707031250e+02, 1.0719261474609375e+03,
       4.7561630249023438e+02, 1.0713330078125000e+03,
       4.3830496215820313e+02, 1.0705584716796875e+03,
       4.0108453369140625e+02, 1.0698071289062500e+03,
       3.6409066772460938e+02, 1.0691767578125000e+03,
       3.2708071899414063e+02, 1.0684344482421875e+03,
       2.9026385498046875e+02, 1.0676412353515625e+03,
       5.8843395996093750e+02, 1.0352182617187500e+03,
       5.5038702392578125e+02, 1.0345524902343750e+03,
       5.1253100585937500e+02, 1.0339234619140625e+03,
       4.7487890625000000e+02, 1.0333275146484375e+03,
       4.3752606201171875e+02, 1.0326208496093750e+03,
       4.0035974121093750e+02, 1.0319962158203125e+03,
       3.6340341186523438e+02, 1.0313576660156250e+03,
       3.2642422485351563e+02, 1.0306098632812500e+03,
       2.8961676025390625e+02, 1.0299866943359375e+03,
       5.8771368408203125e+02, 9.9665472412109375e+02,
       5.4960650634765625e+02, 9.9621832275390625e+02,
       5.1175640869140625e+02, 9.9560876464843750e+02,
       4.7420407104492188e+02, 9.9512353515625000e+02,
       4.3676513671875000e+02, 9.9446966552734375e+02,
       3.9956701660156250e+02, 9.9386328125000000e+02,
       3.6260174560546875e+02, 9.9332415771484375e+02,
       3.2565744018554688e+02, 9.9264495849609375e+02,
       2.8884637451171875e+02, 9.9212713623046875e+02,
       5.8713970947265625e+02, 9.5823992919921875e+02,
       5.4897393798828125e+02, 9.5770092773437500e+02,
       5.1113262939453125e+02, 9.5733587646484375e+02,
       4.7346847534179688e+02, 9.5674786376953125e+02,
       4.3606680297851563e+02, 9.5635412597656250e+02,
       3.9876434326171875e+02, 9.5571368408203125e+02,
       3.6178875732421875e+02, 9.5532501220703125e+02,
       3.2481622314453125e+02, 9.5465771484375000e+02,
       2.8802221679687500e+02, 9.5429711914062500e+02,
       5.8654052734375000e+02, 9.1961315917968750e+02,
       5.4837060546875000e+02, 9.1933905029296875e+02,
       5.1046014404296875e+02, 9.1888519287109375e+02,
       4.7271005249023438e+02, 9.1853533935546875e+02,
       4.3534274291992188e+02, 9.1816784667968750e+02,
       3.9805798339843750e+02, 9.1764819335937500e+02,
       3.6102410888671875e+02, 9.1731817626953125e+02,
       3.2403839111328125e+02, 9.1679400634765625e+02,
       2.8718945312500000e+02, 9.1642980957031250e+02,
       5.8589849853515625e+02, 8.8079699707031250e+02,
       5.4769213867187500e+02, 8.8055560302734375e+02,
       5.0976129150390625e+02, 8.8035760498046875e+02,
       4.7207952880859375e+02, 8.8002673339843750e+02,
       4.3454211425781250e+02, 8.7966491699218750e+02,
       3.9731283569335938e+02, 8.7943615722656250e+02,
       3.6027337646484375e+02, 8.7908392333984375e+02,
       3.2323468017578125e+02, 8.7864257812500000e+02,
       2.8634161376953125e+02, 8.7840692138671875e+02 ]
