%YAML:1.0
---
Points: !!opencv-matrix
   rows: 54
   cols: 1
   dt: "2d"
   data: [ 4.2771792602539063e+02, 1.0734173583984375e+03,
       3.9082888793945313e+02, 1.0723505859375000e+03,
       3.5438098144531250e+02, 1.0712687988281250e+03,
       3.1794512939453125e+02, 1.0702329101562500e+03,
       2.8179077148437500e+02, 1.0691684570312500e+03,
       2.4583363342285156e+02, 1.0681457519531250e+03,
       2.1006341552734375e+02, 1.0671513671875000e+03,
       1.7424942016601563e+02, 1.0662108154296875e+03,
       1.3854029846191406e+02, 1.0652614746093750e+03,
       4.2719998168945313e+02, 1.0356794433593750e+03,
       3.9038525390625000e+02, 1.0346422119140625e+03,
       3.5377264404296875e+02, 1.0336595458984375e+03,
       3.1747338867187500e+02, 1.0326356201171875e+03,
       2.8137091064453125e+02, 1.0316711425781250e+03,
       2.4543051147460938e+02, 1.0307269287109375e+03,
       2.0967718505859375e+02, 1.0298081054687500e+03,
       1.7391091918945313e+02, 1.0289219970703125e+03,
       1.3835116577148438e+02, 1.0281087646484375e+03,
       4.2663208007812500e+02, 9.9766809082031250e+02,
       3.8979260253906250e+02, 9.9673968505859375e+02,
       3.5330169677734375e+02, 9.9583282470703125e+02,
       3.1691183471679688e+02, 9.9500177001953125e+02,
       2.8085510253906250e+02, 9.9411010742187500e+02,
       2.4492129516601563e+02, 9.9327331542968750e+02,
       2.0927584838867188e+02, 9.9236926269531250e+02,
       1.7354194641113281e+02, 9.9153222656250000e+02,
       1.3792431640625000e+02, 9.9069842529296875e+02,
       4.2618975830078125e+02, 9.5964746093750000e+02,
       3.8936038208007813e+02, 9.5883715820312500e+02,
       3.5273397827148438e+02, 9.5811389160156250e+02,
       3.1646298217773438e+02, 9.5732482910156250e+02,
       2.8039511108398438e+02, 9.5647973632812500e+02,
       2.4445462036132813e+02, 9.5564306640625000e+02,
       2.0869410705566406e+02, 9.5491198730468750e+02,
       1.7299925231933594e+02, 9.5419946289062500e+02,
       1.3736541748046875e+02, 9.5350030517578125e+02,
       4.2574057006835938e+02, 9.2163043212890625e+02,
       3.8882666015625000e+02, 9.2094982910156250e+02,
       3.5233596801757813e+02, 9.2032720947265625e+02,
       3.1593255615234375e+02, 9.1957312011718750e+02,
       2.7980075073242188e+02, 9.1884014892578125e+02,
       2.4386453247070313e+02, 9.1824652099609375e+02,
       2.0818469238281250e+02, 9.1753527832031250e+02,
       1.7244786071777344e+02, 9.1691192626953125e+02,
       1.3675820922851563e+02, 9.1632043457031250e+02,
       4.2532553100585938e+02, 8.8343835449218750e+02,
       3.8846908569335938e+02, 8.8275939941406250e+02,
       3.5181518554687500e+02, 8.8230456542968750e+02,
       3.1545675659179688e+02, 8.8161071777343750e+02,
       2.7931942749023438e+02, 8.8115234375000000e+02,
       2.4335418701171875e+02, 8.8053393554687500e+02,
       2.0761550903320313e+02, 8.7998797607421875e+02,
       1.7183255004882813e+02, 8.7943066406250000e+02,
       1.3621153259277344e+02, 8.7891961669921875e+02 ]
