camera_matrix:
- - 1397.617260668808
  - 0.0
  - 950.8647805641419
- - 0.0
  - 1396.8510252021129
  - 619.2281707622438
- - 0.0
  - 0.0
  - 1.0
dist_coeff:
- - -0.13425950594056507
  - 0.10660084051979549
  - 0.000619194370259534
  - -0.0019410257274990606
  - -0.0030433769178645244
reprojection_error: 0.016736212836200044
