%YAML:1.0
---
image_points: !!opencv-matrix
   rows: 54
   cols: 2
   dt: f
   data: [ 1.04678992e+03, 9.93926331e+02, 1.00658270e+03,
       9.93516602e+02, 9.66534607e+02, 9.92985046e+02, 9.26483459e+02,
       9.92441772e+02, 8.86521179e+02, 9.91696167e+02, 8.46600952e+02,
       9.91007324e+02, 8.06814697e+02, 9.90293030e+02, 7.67014343e+02,
       9.89398926e+02, 7.27381958e+02, 9.88481689e+02, 1.04735388e+03,
       9.54185913e+02, 1.00715509e+03, 9.53661438e+02, 9.67038208e+02,
       9.53223999e+02, 9.26968933e+02, 9.52631348e+02, 8.86984131e+02,
       9.52007446e+02, 8.47103943e+02, 9.51345215e+02, 8.07356445e+02,
       9.50532593e+02, 7.67495911e+02, 9.49680115e+02, 7.27764038e+02,
       9.48765442e+02, 1.04772839e+03, 9.14044312e+02, 1.00757086e+03,
       9.13581665e+02, 9.67514648e+02, 9.13173889e+02, 9.27446167e+02,
       9.12578186e+02, 8.87480530e+02, 9.11967346e+02, 8.47538208e+02,
       9.11391541e+02, 8.07740845e+02, 9.10583130e+02, 7.67978638e+02,
       9.09764343e+02, 7.28358459e+02, 9.08950073e+02, 1.04831775e+03,
       8.73964417e+02, 1.00810193e+03, 8.73570618e+02, 9.67990601e+02,
       8.73155090e+02, 9.27876892e+02, 8.72581177e+02, 8.87929138e+02,
       8.72033752e+02, 8.48051025e+02, 8.71419861e+02, 8.08300415e+02,
       8.70665100e+02, 7.68484253e+02, 8.69929443e+02, 7.28745544e+02,
       8.69211365e+02, 1.04864636e+03, 8.33956665e+02, 1.00852173e+03,
       8.33577454e+02, 9.68479126e+02, 8.33214050e+02, 9.28443115e+02,
       8.32610291e+02, 8.88460205e+02, 8.32137878e+02, 8.48502930e+02,
       8.31516052e+02, 8.08714417e+02, 8.30840820e+02, 7.68942566e+02,
       8.30215637e+02, 7.29351440e+02, 8.29454834e+02, 1.04916565e+03,
       7.93698914e+02, 1.00894995e+03, 7.93417236e+02, 9.68907104e+02,
       7.92941223e+02, 9.28870361e+02, 7.92510254e+02, 8.88902893e+02,
       7.92027588e+02, 8.49072571e+02, 7.91477600e+02, 8.09334351e+02,
       7.90805664e+02, 7.69481384e+02, 7.90279358e+02, 7.29769592e+02,
       7.89546814e+02 ]
