%YAML:1.0
---
image_points: !!opencv-matrix
   rows: 54
   cols: 2
   dt: f
   data: [ 1.73920325e+03, 1.01761066e+03, 1.70150500e+03,
       1.01638336e+03, 1.66395935e+03, 1.01515607e+03, 1.62645898e+03,
       1.01386298e+03, 1.58885376e+03, 1.01263538e+03, 1.55129492e+03,
       1.01144598e+03, 1.51362769e+03, 1.01028479e+03, 1.47576685e+03,
       1.00901971e+03, 1.43789124e+03, 1.00772223e+03, 1.74129419e+03,
       9.80025940e+02, 1.70364026e+03, 9.78665833e+02, 1.66616504e+03,
       9.77458435e+02, 1.62863647e+03, 9.76295227e+02, 1.59113855e+03,
       9.75100952e+02, 1.55344141e+03, 9.73795654e+02, 1.51577612e+03,
       9.72568665e+02, 1.47795020e+03, 9.71422546e+02, 1.43999792e+03,
       9.70174316e+02, 1.74336279e+03, 9.42069763e+02, 1.70571973e+03,
       9.40706787e+02, 1.66832361e+03, 9.39567505e+02, 1.63076868e+03,
       9.38391357e+02, 1.59326331e+03, 9.37191895e+02, 1.55559045e+03,
       9.35932373e+02, 1.51798059e+03, 9.34676758e+02, 1.48010657e+03,
       9.33473145e+02, 1.44220715e+03, 9.32256897e+02, 1.74531824e+03,
       9.04144226e+02, 1.70778015e+03, 9.02863892e+02, 1.67038721e+03,
       9.01586975e+02, 1.63285522e+03, 9.00450745e+02, 1.59537476e+03,
       8.99267639e+02, 1.55774744e+03, 8.97984009e+02, 1.52012830e+03,
       8.96749084e+02, 1.48226599e+03, 8.95536499e+02, 1.44431494e+03,
       8.94315186e+02, 1.74719910e+03, 8.66213074e+02, 1.70972510e+03,
       8.64936523e+02, 1.67239868e+03, 8.63680664e+02, 1.63497461e+03,
       8.62491699e+02, 1.59748816e+03, 8.61358765e+02, 1.55982312e+03,
       8.60115784e+02, 1.52231726e+03, 8.58843750e+02, 1.48439453e+03,
       8.57563538e+02, 1.44641821e+03, 8.56368713e+02, 1.74910413e+03,
       8.28051758e+02, 1.71163757e+03, 8.26727722e+02, 1.67437830e+03,
       8.25551636e+02, 1.63699304e+03, 8.24406067e+02, 1.59954126e+03,
       8.23189087e+02, 1.56193506e+03, 8.21881409e+02, 1.52434436e+03,
       8.20622437e+02, 1.48646765e+03, 8.19428894e+02, 1.44847437e+03,
       8.18168274e+02 ]
