%YAML:1.0
---
image_points: !!opencv-matrix
   rows: 54
   cols: 2
   dt: f
   data: [ 9.67924561e+02, 7.19364380e+02, 9.24289490e+02,
       7.21395508e+02, 8.80755310e+02, 7.23384766e+02, 8.37573730e+02,
       7.25372009e+02, 7.94621521e+02, 7.27275513e+02, 7.51900146e+02,
       7.29150757e+02, 7.09526428e+02, 7.30941101e+02, 6.67267944e+02,
       7.32700989e+02, 6.25288208e+02, 7.34537842e+02, 9.65748657e+02,
       6.75791321e+02, 9.22187012e+02, 6.77885925e+02, 8.78660950e+02,
       6.79947937e+02, 8.35491699e+02, 6.82074829e+02, 7.92550049e+02,
       6.84081604e+02, 7.49804504e+02, 6.86093567e+02, 7.07473938e+02,
       6.88005798e+02, 6.65227966e+02, 6.89918091e+02, 6.23286987e+02,
       6.91765808e+02, 9.63615234e+02, 6.32119141e+02, 9.20050110e+02,
       6.34320984e+02, 8.76591858e+02, 6.36424866e+02, 8.33431885e+02,
       6.38529175e+02, 7.90511780e+02, 6.40604614e+02, 7.47793884e+02,
       6.42695435e+02, 7.05475525e+02, 6.44777344e+02, 6.63233276e+02,
       6.46868469e+02, 6.21299133e+02, 6.48902954e+02, 9.61526001e+02,
       5.88505310e+02, 9.17850830e+02, 5.90695618e+02, 8.74545898e+02,
       5.92909485e+02, 8.31428528e+02, 5.95232971e+02, 7.88523254e+02,
       5.97445251e+02, 7.45762756e+02, 5.99571655e+02, 7.03452454e+02,
       6.01737183e+02, 6.61233276e+02, 6.03948364e+02, 6.19250122e+02,
       6.06190674e+02, 9.59413330e+02, 5.45164185e+02, 9.15771423e+02,
       5.47412720e+02, 8.72498413e+02, 5.49637268e+02, 8.29412476e+02,
       5.51930359e+02, 7.86493408e+02, 5.54292480e+02, 7.43804565e+02,
       5.56531677e+02, 7.01481140e+02, 5.58806946e+02, 6.59250366e+02,
       5.61225647e+02, 6.17294006e+02, 5.63445862e+02, 9.57284668e+02,
       5.01578644e+02, 9.13701355e+02, 5.03917480e+02, 8.70508057e+02,
       5.06346436e+02, 8.27424866e+02, 5.08622711e+02, 7.84518372e+02,
       5.11067108e+02, 7.41854187e+02, 5.13450256e+02, 6.99556641e+02,
       5.15769592e+02, 6.57340820e+02, 5.18279968e+02, 6.15360901e+02,
       5.20594177e+02 ]
