%YAML:1.0
---
image_points: !!opencv-matrix
   rows: 54
   cols: 2
   dt: f
   data: [ 7.98766663e+02, 9.82866882e+02, 7.61979980e+02,
       9.98690552e+02, 7.23973450e+02, 1.01505402e+03, 6.84600403e+02,
       1.03184021e+03, 6.43853210e+02, 1.04929797e+03, 6.01594482e+02,
       1.06730383e+03, 5.57893005e+02, 1.08584326e+03, 5.12366333e+02,
       1.10527319e+03, 4.65085114e+02, 1.12536719e+03, 7.81014343e+02,
       9.43896606e+02, 7.44161621e+02, 9.58957581e+02, 7.06100769e+02,
       9.74421936e+02, 6.66710205e+02, 9.90394592e+02, 6.26004822e+02,
       1.00686487e+03, 5.83719360e+02, 1.02397229e+03, 5.40098633e+02,
       1.04158423e+03, 4.94625885e+02, 1.05990076e+03, 4.47449707e+02,
       1.07895288e+03, 7.63486938e+02, 9.05245239e+02, 7.26552185e+02,
       9.19470032e+02, 6.88524841e+02, 9.34136230e+02, 6.49162109e+02,
       9.49215820e+02, 6.08401184e+02, 9.64812561e+02, 5.66266113e+02,
       9.80942749e+02, 5.22621948e+02, 9.97628845e+02, 4.77274567e+02,
       1.01499756e+03, 4.30238251e+02, 1.03292432e+03, 7.46320313e+02,
       8.67096619e+02, 7.09398621e+02, 8.80515747e+02, 6.71358704e+02,
       8.94333984e+02, 6.31985840e+02, 9.08600708e+02, 5.91321106e+02,
       9.23372925e+02, 5.49188416e+02, 9.38567932e+02, 5.05631226e+02,
       9.54335754e+02, 4.60391785e+02, 9.70650269e+02, 4.13476776e+02,
       9.87614197e+02, 7.29460022e+02, 8.29457642e+02, 6.92558899e+02,
       8.42172668e+02, 6.54555847e+02, 8.55149719e+02, 6.15252502e+02,
       8.68520020e+02, 5.74612122e+02, 8.82438660e+02, 5.32548401e+02,
       8.96778198e+02, 4.89191223e+02, 9.11611755e+02, 4.44026215e+02,
       9.27043091e+02, 3.97242615e+02, 9.42995728e+02, 7.12896301e+02,
       7.92116821e+02, 6.76039185e+02, 8.04045776e+02, 6.38093628e+02,
       8.16309509e+02, 5.98784424e+02, 8.28863403e+02, 5.58306213e+02,
       8.41932434e+02, 5.16361267e+02, 8.55450562e+02, 4.73016602e+02,
       8.69383423e+02, 4.27947235e+02, 8.83823242e+02, 3.81375031e+02,
       8.98794983e+02 ]
