%YAML:1.0
---
image_points: !!opencv-matrix
   rows: 54
   cols: 2
   dt: f
   data: [ 1.35329492e+03, 6.54502930e+02, 1.31246680e+03,
       6.54446106e+02, 1.27158740e+03, 6.54382507e+02, 1.23065930e+03,
       6.54323730e+02, 1.18964941e+03, 6.54220764e+02, 1.14858398e+03,
       6.54083740e+02, 1.10753748e+03, 6.53942993e+02, 1.06632141e+03,
       6.53778198e+02, 1.02504944e+03, 6.53665466e+02, 1.35347888e+03,
       6.13554382e+02, 1.31260486e+03, 6.13470764e+02, 1.27176111e+03,
       6.13380005e+02, 1.23083374e+03, 6.13296326e+02, 1.18981995e+03,
       6.13186707e+02, 1.14868896e+03, 6.13087830e+02, 1.10762378e+03,
       6.12902832e+02, 1.06642517e+03, 6.12791809e+02, 1.02518616e+03,
       6.12672058e+02, 1.35357153e+03, 5.72437683e+02, 1.31273962e+03,
       5.72306580e+02, 1.27194385e+03, 5.72179626e+02, 1.23100769e+03,
       5.71966125e+02, 1.18997595e+03, 5.71829285e+02, 1.14884460e+03,
       5.71725464e+02, 1.10774219e+03, 5.71619446e+02, 1.06651917e+03,
       5.71563721e+02, 1.02531299e+03, 5.71507690e+02, 1.35360022e+03,
       5.31394348e+02, 1.31279089e+03, 5.31216431e+02, 1.27206934e+03,
       5.30937622e+02, 1.23112927e+03, 5.30762390e+02, 1.19016858e+03,
       5.30645447e+02, 1.14900977e+03, 5.30550720e+02, 1.10786548e+03,
       5.30509827e+02, 1.06660693e+03, 5.30431213e+02, 1.02541003e+03,
       5.30381165e+02, 1.35354858e+03, 4.90416748e+02, 1.31277136e+03,
       4.90224548e+02, 1.27208813e+03, 4.89927704e+02, 1.23121863e+03,
       4.89673798e+02, 1.19024670e+03, 4.89566925e+02, 1.14912915e+03,
       4.89462006e+02, 1.10804285e+03, 4.89424164e+02, 1.06670166e+03,
       4.89343842e+02, 1.02546448e+03, 4.89299957e+02, 1.35347522e+03,
       4.49349640e+02, 1.31269385e+03, 4.49063202e+02, 1.27204614e+03,
       4.48734436e+02, 1.23120703e+03, 4.48542969e+02, 1.19025842e+03,
       4.48429688e+02, 1.14920935e+03, 4.48310394e+02, 1.10811182e+03,
       4.48205414e+02, 1.06675806e+03, 4.48111145e+02, 1.02554980e+03,
       4.48047333e+02 ]
