%YAML:1.0
---
image_points: !!opencv-matrix
   rows: 54
   cols: 2
   dt: f
   data: [ 1.12424731e+03, 7.92917358e+02, 1.08257373e+03,
       7.92572876e+02, 1.04105396e+03, 7.92230835e+02, 9.99455078e+02,
       7.91700195e+02, 9.57837708e+02, 7.91289246e+02, 9.16377869e+02,
       7.90675598e+02, 8.74893555e+02, 7.90246155e+02, 8.33368286e+02,
       7.89564148e+02, 7.91870483e+02, 7.88943054e+02, 1.12480444e+03,
       7.51602661e+02, 1.08321484e+03, 7.51313904e+02, 1.04155237e+03,
       7.50779053e+02, 9.99942566e+02, 7.50443848e+02, 9.58396545e+02,
       7.49876953e+02, 9.16718811e+02, 7.49456726e+02, 8.75336792e+02,
       7.48833252e+02, 8.33684937e+02, 7.48385376e+02, 7.92276245e+02,
       7.47671326e+02, 1.12545837e+03, 7.10045776e+02, 1.08375085e+03,
       7.09574890e+02, 1.04217651e+03, 7.09268250e+02, 1.00046399e+03,
       7.08722168e+02, 9.58811279e+02, 7.08356567e+02, 9.17291443e+02,
       7.07780029e+02, 8.75712158e+02, 7.07368530e+02, 8.34170776e+02,
       7.06726074e+02, 7.92595032e+02, 7.06277588e+02, 1.12594409e+03,
       6.68518433e+02, 1.08436340e+03, 6.68111816e+02, 1.04264905e+03,
       6.67572510e+02, 1.00097961e+03, 6.67240784e+02, 9.59403259e+02,
       6.66656372e+02, 9.17709778e+02, 6.66280457e+02, 8.76225464e+02,
       6.65707275e+02, 8.34540955e+02, 6.65287781e+02, 7.93004761e+02,
       6.64640381e+02, 1.12642834e+03, 6.27024719e+02, 1.08476575e+03,
       6.26513062e+02, 1.04322205e+03, 6.26096985e+02, 1.00149921e+03,
       6.25565796e+02, 9.59837708e+02, 6.25205505e+02, 9.18241455e+02,
       6.24640320e+02, 8.76640930e+02, 6.24288818e+02, 8.34968933e+02,
       6.23644226e+02, 7.93416138e+02, 6.23290283e+02, 1.12683826e+03,
       5.85363892e+02, 1.08530640e+03, 5.84718811e+02, 1.04366907e+03,
       5.84367249e+02, 1.00202740e+03, 5.83797119e+02, 9.60389526e+02,
       5.83449951e+02, 9.18675171e+02, 5.82902222e+02, 8.77146484e+02,
       5.82499695e+02, 8.35429443e+02, 5.82021240e+02, 7.93811646e+02,
       5.81543701e+02 ]
