%YAML:1.0
---
image_points: !!opencv-matrix
   rows: 54
   cols: 2
   dt: f
   data: [ 7.07348267e+02, 5.10785522e+02, 6.66104187e+02,
       5.14793396e+02, 6.25203918e+02, 5.18843811e+02, 5.84517578e+02,
       5.22848267e+02, 5.44127319e+02, 5.26848022e+02, 5.03980377e+02,
       5.30880615e+02, 4.64157867e+02, 5.34895020e+02, 4.24345154e+02,
       5.38841370e+02, 3.84735504e+02, 5.42798950e+02, 7.03975952e+02,
       4.69529480e+02, 6.62757263e+02, 4.73597412e+02, 6.21940979e+02,
       4.77636230e+02, 5.81346619e+02, 4.81768707e+02, 5.41016357e+02,
       4.85877167e+02, 5.00874695e+02, 4.90034424e+02, 4.61161194e+02,
       4.94179871e+02, 4.21441559e+02, 4.98251129e+02, 3.81945709e+02,
       5.02337341e+02, 7.00642090e+02, 4.28153229e+02, 6.59587402e+02,
       4.32368774e+02, 6.18772034e+02, 4.36489838e+02, 5.78234741e+02,
       4.40643311e+02, 5.37958374e+02, 4.44850677e+02, 4.97951111e+02,
       4.49139008e+02, 4.58261902e+02, 4.53283722e+02, 4.18574097e+02,
       4.57481873e+02, 3.79202148e+02, 4.61623779e+02, 6.97428772e+02,
       3.87170319e+02, 6.56410400e+02, 3.91338959e+02, 6.15673523e+02,
       3.95530273e+02, 5.75204895e+02, 3.99799072e+02, 5.35049927e+02,
       4.04148132e+02, 4.95032013e+02, 4.08384460e+02, 4.55354980e+02,
       4.12609406e+02, 4.15737122e+02, 4.16887695e+02, 3.76395569e+02,
       4.21254059e+02, 6.94271545e+02, 3.46412048e+02, 6.53282471e+02,
       3.50616882e+02, 6.12625854e+02, 3.54886353e+02, 5.72251465e+02,
       3.59251495e+02, 5.32101013e+02, 3.63530334e+02, 4.92177551e+02,
       3.67842743e+02, 4.52524231e+02, 3.72259003e+02, 4.12927246e+02,
       3.76580383e+02, 3.73619476e+02, 3.80907440e+02, 6.91053650e+02,
       3.05656830e+02, 6.50289124e+02, 3.09946686e+02, 6.09669861e+02,
       3.14363831e+02, 5.69329346e+02, 3.18633850e+02, 5.29249878e+02,
       3.23075928e+02, 4.89356384e+02, 3.27448090e+02, 4.49740997e+02,
       3.31831482e+02, 4.10222076e+02, 3.36284119e+02, 3.70861572e+02,
       3.40659027e+02 ]
