%YAML:1.0
---
image_points: !!opencv-matrix
   rows: 54
   cols: 2
   dt: f
   data: [ 1.06269373e+03, 5.12407104e+02, 1.01849969e+03,
       5.12680847e+02, 9.74431274e+02, 5.13112122e+02, 9.30440002e+02,
       5.13466614e+02, 8.86590454e+02, 5.13791931e+02, 8.42848206e+02,
       5.14323792e+02, 7.99436279e+02, 5.14661377e+02, 7.55869263e+02,
       5.15238525e+02, 7.12634705e+02, 5.15619446e+02, 1.06239417e+03,
       4.68556030e+02, 1.01821167e+03, 4.68917664e+02, 9.74198303e+02,
       4.69359650e+02, 9.30249756e+02, 4.69698151e+02, 8.86428040e+02,
       4.70264038e+02, 8.42702759e+02, 4.70663147e+02, 7.99341248e+02,
       4.71293610e+02, 7.55876770e+02, 4.71750519e+02, 7.12695801e+02,
       4.72392670e+02, 1.06191760e+03, 4.24652893e+02, 1.01779626e+03,
       4.25133881e+02, 9.73839905e+02, 4.25474030e+02, 9.29964233e+02,
       4.25968658e+02, 8.86318909e+02, 4.26483673e+02, 8.42634216e+02,
       4.27094971e+02, 7.99342529e+02, 4.27614807e+02, 7.55979309e+02,
       4.28344696e+02, 7.12829773e+02, 4.28979248e+02, 1.06152649e+03,
       3.81182343e+02, 1.01749561e+03, 3.81522095e+02, 9.73575500e+02,
       3.81912445e+02, 9.29735657e+02, 3.82477661e+02, 8.86202209e+02,
       3.83074402e+02, 8.42588196e+02, 3.83601410e+02, 7.99332581e+02,
       3.84378082e+02, 7.56066345e+02, 3.85091919e+02, 7.12949097e+02,
       3.85754547e+02, 1.06110754e+03, 3.37823975e+02, 1.01714008e+03,
       3.38299103e+02, 9.73329834e+02, 3.38657074e+02, 9.29584900e+02,
       3.39277435e+02, 8.86020569e+02, 3.39792816e+02, 8.42505249e+02,
       3.40498779e+02, 7.99390930e+02, 3.41319824e+02, 7.56157898e+02,
       3.42083893e+02, 7.13149719e+02, 3.42827148e+02, 1.06055908e+03,
       2.94581055e+02, 1.01669788e+03, 2.95050812e+02, 9.73069336e+02,
       2.95511993e+02, 9.29448730e+02, 2.96070007e+02, 8.85845337e+02,
       2.96622925e+02, 8.42517761e+02, 2.97458984e+02, 7.99331604e+02,
       2.98217743e+02, 7.56266296e+02, 2.99026276e+02, 7.13328674e+02,
       2.99999237e+02 ]
