%YAML:1.0
---
image_points: !!opencv-matrix
   rows: 54
   cols: 2
   dt: f
   data: [ 1.58481555e+03, 1.04997253e+03, 1.53566382e+03,
       1.02545972e+03, 1.48858777e+03, 1.00193457e+03, 1.44326099e+03,
       9.79370605e+02, 1.39958423e+03, 9.57518433e+02, 1.35753796e+03,
       9.36486877e+02, 1.31708594e+03, 9.16241882e+02, 1.27781689e+03,
       8.96508789e+02, 1.24010779e+03, 8.77520874e+02, 1.60528467e+03,
       1.00215771e+03, 1.55565393e+03, 9.78522644e+02, 1.50815808e+03,
       9.55882385e+02, 1.46234167e+03, 9.34209167e+02, 1.41826611e+03,
       9.13242493e+02, 1.37573108e+03, 8.93004639e+02, 1.33484790e+03,
       8.73469727e+02, 1.29528052e+03, 8.54567566e+02, 1.25711438e+03,
       8.36325806e+02, 1.62565198e+03, 9.53713989e+02, 1.57561230e+03,
       9.31176270e+02, 1.52759509e+03, 9.09441772e+02, 1.48137146e+03,
       8.88544678e+02, 1.43685803e+03, 8.68447754e+02, 1.39397144e+03,
       8.49050659e+02, 1.35265588e+03, 8.30354553e+02, 1.31261426e+03,
       8.12223755e+02, 1.27416626e+03, 7.94679810e+02, 1.64581372e+03,
       9.05325928e+02, 1.59538550e+03, 8.83602112e+02, 1.54687976e+03,
       8.62798584e+02, 1.50027356e+03, 8.42792419e+02, 1.45536890e+03,
       8.23568970e+02, 1.41199316e+03, 8.04942505e+02, 1.37026086e+03,
       7.87096619e+02, 1.32983740e+03, 7.69689819e+02, 1.29085559e+03,
       7.52929749e+02, 1.66581531e+03, 8.56694580e+02, 1.61484460e+03,
       8.36001587e+02, 1.56592322e+03, 8.16130249e+02, 1.51885193e+03,
       7.96932495e+02, 1.47354358e+03, 7.78541626e+02, 1.42977698e+03,
       7.60730835e+02, 1.38763000e+03, 7.43660461e+02, 1.34680066e+03,
       7.27121765e+02, 1.30747595e+03, 7.11160156e+02, 1.68568970e+03,
       8.07699036e+02, 1.63433862e+03, 7.87974060e+02, 1.58493738e+03,
       7.69030396e+02, 1.53743445e+03, 7.50748596e+02, 1.49160718e+03,
       7.33218567e+02, 1.44748657e+03, 7.16279480e+02, 1.40497705e+03,
       6.99964600e+02, 1.36370874e+03, 6.84220947e+02, 1.32399475e+03,
       6.68969666e+02 ]
