%YAML:1.0
---
image_points: !!opencv-matrix
   rows: 54
   cols: 2
   dt: f
   data: [ 1.58795203e+03, 8.10530396e+02, 1.54693311e+03,
       8.10198669e+02, 1.50605823e+03, 8.09644043e+02, 1.46521240e+03,
       8.09349976e+02, 1.42430090e+03, 8.08763672e+02, 1.38338062e+03,
       8.08407654e+02, 1.34247681e+03, 8.07854309e+02, 1.30143689e+03,
       8.07401978e+02, 1.26043127e+03, 8.06761902e+02, 1.58855493e+03,
       7.69635498e+02, 1.54756372e+03, 7.69345703e+02, 1.50664343e+03,
       7.68818054e+02, 1.46575598e+03, 7.68494812e+02, 1.42487024e+03,
       7.68143372e+02, 1.38389001e+03, 7.67608276e+02, 1.34309009e+03,
       7.67245361e+02, 1.30198254e+03, 7.66637146e+02, 1.26090210e+03,
       7.66237244e+02, 1.58906592e+03, 7.28524658e+02, 1.54810596e+03,
       7.28241272e+02, 1.50725330e+03, 7.27779907e+02, 1.46635120e+03,
       7.27457703e+02, 1.42543591e+03, 7.27100037e+02, 1.38449475e+03,
       7.26617432e+02, 1.34359583e+03, 7.26308289e+02, 1.30252612e+03,
       7.25692139e+02, 1.26152319e+03, 7.25358459e+02, 1.58939221e+03,
       6.87523010e+02, 1.54850232e+03, 6.87259766e+02, 1.50763074e+03,
       6.86746521e+02, 1.46674146e+03, 6.86488281e+02, 1.42584949e+03,
       6.86149597e+02, 1.38495056e+03, 6.85626648e+02, 1.34407471e+03,
       6.85360352e+02, 1.30300452e+03, 6.84832581e+02, 1.26197485e+03,
       6.84460999e+02, 1.58958191e+03, 6.46559814e+02, 1.54872949e+03,
       6.46301880e+02, 1.50799536e+03, 6.45828003e+02, 1.46718726e+03,
       6.45520325e+02, 1.42633472e+03, 6.45266479e+02, 1.38538025e+03,
       6.44759399e+02, 1.34452637e+03, 6.44493774e+02, 1.30346509e+03,
       6.44117493e+02, 1.26243640e+03, 6.43628296e+02, 1.58972766e+03,
       6.05500244e+02, 1.54890369e+03, 6.05230591e+02, 1.50824927e+03,
       6.04748291e+02, 1.46743506e+03, 6.04484497e+02, 1.42658679e+03,
       6.04227783e+02, 1.38568018e+03, 6.03732239e+02, 1.34479456e+03,
       6.03475525e+02, 1.30377271e+03, 6.03172974e+02, 1.26274683e+03,
       6.02684021e+02 ]
