%YAML:1.0
---
image_points: !!opencv-matrix
   rows: 54
   cols: 2
   dt: f
   data: [ 1.45605908e+03, 8.07850586e+02, 1.41494043e+03,
       8.08528259e+02, 1.37388940e+03, 8.09207397e+02, 1.33281165e+03,
       8.09674316e+02, 1.29174792e+03, 8.10322937e+02, 1.25063171e+03,
       8.10706482e+02, 1.20963037e+03, 8.11366028e+02, 1.16841785e+03,
       8.11694519e+02, 1.12736487e+03, 8.12264221e+02, 1.45561218e+03,
       7.66910522e+02, 1.41452905e+03, 7.67562134e+02, 1.37348743e+03,
       7.68246338e+02, 1.33245422e+03, 7.68734253e+02, 1.29138208e+03,
       7.69422058e+02, 1.25024585e+03, 7.69931030e+02, 1.20921240e+03,
       7.70479614e+02, 1.16797620e+03, 7.70990234e+02, 1.12676648e+03,
       7.71472046e+02, 1.45512598e+03, 7.25639038e+02, 1.41404504e+03,
       7.26393555e+02, 1.37305237e+03, 7.26982849e+02, 1.33190576e+03,
       7.27579651e+02, 1.29080774e+03, 7.28293030e+02, 1.24969800e+03,
       7.28766479e+02, 1.20865930e+03, 7.29434265e+02, 1.16747424e+03,
       7.29891663e+02, 1.12634973e+03, 7.30466675e+02, 1.45448755e+03,
       6.84536987e+02, 1.41346851e+03, 6.85291504e+02, 1.37247241e+03,
       6.85763916e+02, 1.33141882e+03, 6.86503418e+02, 1.29033850e+03,
       6.87171875e+02, 1.24924841e+03, 6.87663330e+02, 1.20815210e+03,
       6.88401611e+02, 1.16688013e+03, 6.88856995e+02, 1.12570349e+03,
       6.89468201e+02, 1.45374060e+03, 6.43451660e+02, 1.41273181e+03,
       6.44180420e+02, 1.37177051e+03, 6.44707214e+02, 1.33074316e+03,
       6.45445984e+02, 1.28969165e+03, 6.46128845e+02, 1.24857104e+03,
       6.46651794e+02, 1.20755103e+03, 6.47411621e+02, 1.16637659e+03,
       6.47912598e+02, 1.12519885e+03, 6.48551086e+02, 1.45294287e+03,
       6.02266479e+02, 1.41197668e+03, 6.02787720e+02, 1.37109790e+03,
       6.03540222e+02, 1.33010291e+03, 6.04283936e+02, 1.28904675e+03,
       6.04820190e+02, 1.24794604e+03, 6.05529114e+02, 1.20686609e+03,
       6.06280396e+02, 1.16567224e+03, 6.06790222e+02, 1.12455530e+03,
       6.07506104e+02 ]
