%YAML:1.0
---
image_points: !!opencv-matrix
   rows: 54
   cols: 2
   dt: f
   data: [ 1.38713269e+03, 1.12399243e+03, 1.34938831e+03,
       1.12163416e+03, 1.31156750e+03, 1.11932825e+03, 1.27374548e+03,
       1.11687012e+03, 1.23581250e+03, 1.11444116e+03, 1.19778552e+03,
       1.11183643e+03, 1.15975403e+03, 1.10932922e+03, 1.12149194e+03,
       1.10657166e+03, 1.08323706e+03, 1.10381055e+03, 1.38974426e+03,
       1.08579382e+03, 1.35210950e+03, 1.08350085e+03, 1.31438794e+03,
       1.08114270e+03, 1.27658765e+03, 1.07869824e+03, 1.23867004e+03,
       1.07630933e+03, 1.20065320e+03, 1.07369482e+03, 1.16264758e+03,
       1.07112024e+03, 1.12445618e+03, 1.06844690e+03, 1.08617188e+03,
       1.06561511e+03, 1.39242590e+03, 1.04748816e+03, 1.35474390e+03,
       1.04516333e+03, 1.31721033e+03, 1.04276465e+03, 1.27940100e+03,
       1.04041077e+03, 1.24151563e+03, 1.03785571e+03, 1.20357202e+03,
       1.03541089e+03, 1.16558435e+03, 1.03270923e+03, 1.12739038e+03,
       1.03006274e+03, 1.08915918e+03, 1.02730713e+03, 1.39494287e+03,
       1.00930212e+03, 1.35745557e+03, 1.00692798e+03, 1.31985669e+03,
       1.00453552e+03, 1.28222192e+03, 1.00218890e+03, 1.24438977e+03,
       9.99627136e+02, 1.20646497e+03, 9.97116638e+02, 1.16848022e+03,
       9.94491089e+02, 1.13034460e+03, 9.91724487e+02, 1.09209766e+03,
       9.88963684e+02, 1.39748523e+03, 9.71182922e+02, 1.36001819e+03,
       9.68761169e+02, 1.32253992e+03, 9.66436829e+02, 1.28488831e+03,
       9.63956970e+02, 1.24720679e+03, 9.61508362e+02, 1.20931689e+03,
       9.58876099e+02, 1.17140869e+03, 9.56381897e+02, 1.13324817e+03,
       9.53561462e+02, 1.09502112e+03, 9.50763367e+02, 1.39996777e+03,
       9.32874268e+02, 1.36256738e+03, 9.30528870e+02, 1.32521838e+03,
       9.28192017e+02, 1.28759753e+03, 9.25640503e+02, 1.24991003e+03,
       9.23244873e+02, 1.21214502e+03, 9.20602173e+02, 1.17428540e+03,
       9.17966492e+02, 1.13618237e+03, 9.15344543e+02, 1.09793250e+03,
       9.12532288e+02 ]
