%YAML:1.0
---
image_points: !!opencv-matrix
   rows: 54
   cols: 2
   dt: f
   data: [ 5.64733093e+02, 5.18360229e+02, 5.24802063e+02,
       5.23414429e+02, 4.85388794e+02, 5.28408813e+02, 4.46202698e+02,
       5.33414001e+02, 4.07351563e+02, 5.38323853e+02, 3.68714386e+02,
       5.43277710e+02, 3.30492706e+02, 5.48152344e+02, 2.92287598e+02,
       5.52994141e+02, 2.54275375e+02, 5.57805908e+02, 5.60753601e+02,
       4.77498505e+02, 5.20896606e+02, 4.82638214e+02, 4.81500305e+02,
       4.87709167e+02, 4.42397980e+02, 4.92836243e+02, 4.03565247e+02,
       4.97968475e+02, 3.65087372e+02, 5.03069336e+02, 3.26854797e+02,
       5.08072327e+02, 2.88691925e+02, 5.13060852e+02, 2.50827240e+02,
       5.18002014e+02, 5.56856201e+02, 4.36575684e+02, 5.17184814e+02,
       4.41842163e+02, 4.77728943e+02, 4.47152710e+02, 4.38636230e+02,
       4.52387207e+02, 3.99945587e+02, 4.57569244e+02, 3.61483063e+02,
       4.62726959e+02, 3.23359009e+02, 4.67863464e+02, 2.85318695e+02,
       4.73064575e+02, 2.47500992e+02, 4.78126190e+02, 5.53144287e+02,
       3.96053741e+02, 5.13448486e+02, 4.01388977e+02, 4.74124512e+02,
       4.06691376e+02, 4.35099792e+02, 4.12104675e+02, 3.96412506e+02,
       4.17442017e+02, 3.57931580e+02, 4.22675385e+02, 3.19792542e+02,
       4.27971375e+02, 2.81804626e+02, 4.33190002e+02, 2.44058945e+02,
       4.38429688e+02, 5.49457703e+02, 3.55718567e+02, 5.09774445e+02,
       3.61260132e+02, 4.70504761e+02, 3.66611389e+02, 4.31503510e+02,
       3.72060883e+02, 3.92842468e+02, 3.77460449e+02, 3.54461517e+02,
       3.82847321e+02, 3.16381195e+02, 3.88263275e+02, 2.78388397e+02,
       3.93567078e+02, 2.40608627e+02, 3.98860901e+02, 5.45771362e+02,
       3.15483948e+02, 5.06276764e+02, 3.21039093e+02, 4.67019104e+02,
       3.26562286e+02, 4.28026764e+02, 3.32073456e+02, 3.89410736e+02,
       3.37555359e+02, 3.51011566e+02, 3.43059021e+02, 3.12984497e+02,
       3.48525787e+02, 2.74929993e+02, 3.53921753e+02, 2.37214020e+02,
       3.59381165e+02 ]
