%YAML:1.0
---
image_points: !!opencv-matrix
   rows: 54
   cols: 2
   dt: f
   data: [ 8.36451538e+02, 7.58472229e+02, 7.94932983e+02,
       7.60089111e+02, 7.53711609e+02, 7.61593994e+02, 7.12639099e+02,
       7.63244263e+02, 6.71745056e+02, 7.64618958e+02, 6.31106812e+02,
       7.66203918e+02, 5.90592651e+02, 7.67573486e+02, 5.50180237e+02,
       7.69091125e+02, 5.09833282e+02, 7.70475647e+02, 8.34577759e+02,
       7.17287598e+02, 7.93179626e+02, 7.18792419e+02, 7.51852966e+02,
       7.20466003e+02, 7.10759399e+02, 7.22106079e+02, 6.69875610e+02,
       7.23575684e+02, 6.29194519e+02, 7.25259216e+02, 5.88659729e+02,
       7.26631836e+02, 5.48237915e+02, 7.28271667e+02, 5.07970764e+02,
       7.29604919e+02, 8.32762268e+02, 6.75617188e+02, 7.91384766e+02,
       6.77408142e+02, 7.50122803e+02, 6.79021057e+02, 7.08907593e+02,
       6.80614502e+02, 6.68084412e+02, 6.82343933e+02, 6.27336304e+02,
       6.83881531e+02, 5.86752075e+02, 6.85507935e+02, 5.46356812e+02,
       6.87165100e+02, 5.06144867e+02, 6.88618774e+02, 8.31103455e+02,
       6.34274231e+02, 7.89560608e+02, 6.35889038e+02, 7.48342285e+02,
       6.37573792e+02, 7.07222595e+02, 6.39364441e+02, 6.66302063e+02,
       6.41066589e+02, 6.25462524e+02, 6.42641479e+02, 5.84913818e+02,
       6.44420532e+02, 5.44468994e+02, 6.46047302e+02, 5.04262756e+02,
       6.47604919e+02, 8.29381226e+02, 5.92735657e+02, 7.87801453e+02,
       5.94536255e+02, 7.46538330e+02, 5.96359741e+02, 7.05443604e+02,
       5.98092590e+02, 6.64487122e+02, 5.99723938e+02, 6.23650085e+02,
       6.01523315e+02, 5.83197693e+02, 6.03350830e+02, 5.42633545e+02,
       6.05040955e+02, 5.02395660e+02, 6.06684204e+02, 8.27596863e+02,
       5.51269958e+02, 7.86225098e+02, 5.52964294e+02, 7.44860107e+02,
       5.54708313e+02, 7.03689575e+02, 5.56562927e+02, 6.62715210e+02,
       5.58449707e+02, 6.21961609e+02, 5.60284485e+02, 5.81429260e+02,
       5.62065186e+02, 5.40864197e+02, 5.63764954e+02, 5.00582520e+02,
       5.65584351e+02 ]
