%YAML:1.0
---
image_points: !!opencv-matrix
   rows: 54
   cols: 2
   dt: f
   data: [ 1.31644421e+03, 8.02628479e+02, 1.27645313e+03,
       8.02883362e+02, 1.23640063e+03, 8.03222961e+02, 1.19622144e+03,
       8.03403137e+02, 1.15574524e+03, 8.03517456e+02, 1.11531995e+03,
       8.03609314e+02, 1.07465161e+03, 8.03703674e+02, 1.03376404e+03,
       8.03738953e+02, 9.92895569e+02, 8.03795227e+02, 1.31690381e+03,
       7.62526245e+02, 1.27688977e+03, 7.62660034e+02, 1.23678589e+03,
       7.62780334e+02, 1.19657678e+03, 7.63022400e+02, 1.15622620e+03,
       7.63193665e+02, 1.11554724e+03, 7.63300476e+02, 1.07491577e+03,
       7.63339661e+02, 1.03404407e+03, 7.63355164e+02, 9.93082153e+02,
       7.63338501e+02, 1.31744775e+03, 7.22093933e+02, 1.27742310e+03,
       7.22221680e+02, 1.23733154e+03, 7.22338867e+02, 1.19693408e+03,
       7.22397217e+02, 1.15649731e+03, 7.22442505e+02, 1.11584558e+03,
       7.22500122e+02, 1.07524878e+03, 7.22493469e+02, 1.03429248e+03,
       7.22485901e+02, 9.93289856e+02, 7.22453186e+02, 1.31774097e+03,
       6.81544189e+02, 1.27774011e+03, 6.81578003e+02, 1.23763257e+03,
       6.81592163e+02, 1.19733179e+03, 6.81617432e+02, 1.15678516e+03,
       6.81634583e+02, 1.11620496e+03, 6.81601929e+02, 1.07545117e+03,
       6.81628357e+02, 1.03446436e+03, 6.81561218e+02, 9.93426392e+02,
       6.81520691e+02, 1.31812817e+03, 6.41193115e+02, 1.27812268e+03,
       6.41137878e+02, 1.23796301e+03, 6.41074646e+02, 1.19759692e+03,
       6.41000183e+02, 1.15714124e+03, 6.40936096e+02, 1.11643213e+03,
       6.40834900e+02, 1.07566260e+03, 6.40779724e+02, 1.03463293e+03,
       6.40668762e+02, 9.93562134e+02, 6.40628418e+02, 1.31838391e+03,
       6.00462585e+02, 1.27837073e+03, 6.00407593e+02, 1.23827478e+03,
       6.00300598e+02, 1.19786597e+03, 6.00160706e+02, 1.15740759e+03,
       6.00014038e+02, 1.11665649e+03, 5.99839539e+02, 1.07586523e+03,
       5.99709900e+02, 1.03482874e+03, 5.99612793e+02, 9.93728333e+02,
       5.99550476e+02 ]
