%YAML:1.0
---
image_points: !!opencv-matrix
   rows: 54
   cols: 2
   dt: f
   data: [ 1.03537939e+03, 7.74169983e+02, 9.93634399e+02,
       7.74304077e+02, 9.52163147e+02, 7.74384766e+02, 9.10550171e+02,
       7.74432251e+02, 8.69127441e+02, 7.74452271e+02, 8.27622986e+02,
       7.74458679e+02, 7.86420410e+02, 7.74432007e+02, 7.45003540e+02,
       7.74372925e+02, 7.03726563e+02, 7.74314697e+02, 1.03534790e+03,
       7.32742615e+02, 9.93583008e+02, 7.32860229e+02, 9.52036316e+02,
       7.32960754e+02, 9.10470459e+02, 7.33094177e+02, 8.68954590e+02,
       7.33165833e+02, 8.27491394e+02, 7.33220215e+02, 7.86263062e+02,
       7.33206848e+02, 7.44769775e+02, 7.33192810e+02, 7.03564514e+02,
       7.33071899e+02, 1.03528174e+03, 6.91242859e+02, 9.93566467e+02,
       6.91347717e+02, 9.51971863e+02, 6.91417847e+02, 9.10404663e+02,
       6.91486755e+02, 8.68841187e+02, 6.91532288e+02, 8.27436584e+02,
       6.91591858e+02, 7.86140564e+02, 6.91607178e+02, 7.44649597e+02,
       6.91601685e+02, 7.03462952e+02, 6.91596436e+02, 1.03523413e+03,
       6.49602783e+02, 9.93505554e+02, 6.49706238e+02, 9.51877747e+02,
       6.49775146e+02, 9.10376587e+02, 6.49929138e+02, 8.68773743e+02,
       6.50085388e+02, 8.27370239e+02, 6.50163940e+02, 7.85951355e+02,
       6.50244385e+02, 7.44569397e+02, 6.50262878e+02, 7.03335938e+02,
       6.50286072e+02, 1.03515063e+03, 6.08254333e+02, 9.93468811e+02,
       6.08334656e+02, 9.51825012e+02, 6.08434631e+02, 9.10353455e+02,
       6.08478760e+02, 8.68725037e+02, 6.08541870e+02, 8.27299866e+02,
       6.08621399e+02, 7.85879761e+02, 6.08695862e+02, 7.44476013e+02,
       6.08752625e+02, 7.03262085e+02, 6.08828918e+02, 1.03502734e+03,
       5.66544006e+02, 9.93417114e+02, 5.66614868e+02, 9.51775757e+02,
       5.66692749e+02, 9.10314575e+02, 5.66786987e+02, 8.68683716e+02,
       5.66932251e+02, 8.27277405e+02, 5.67092896e+02, 7.85800171e+02,
       5.67225464e+02, 7.44453064e+02, 5.67322449e+02, 7.03191467e+02,
       5.67436523e+02 ]
