%YAML:1.0
---
image_points: !!opencv-matrix
   rows: 54
   cols: 2
   dt: f
   data: [ 1.24694067e+03, 7.91067322e+02, 1.20568115e+03,
       7.91961182e+02, 1.16451721e+03, 7.92815857e+02, 1.12331909e+03,
       7.93669983e+02, 1.08192493e+03, 7.94488953e+02, 1.04055005e+03,
       7.95309937e+02, 9.99311462e+02, 7.96044006e+02, 9.57681641e+02,
       7.96676697e+02, 9.16395264e+02, 7.97432495e+02, 1.24653357e+03,
       7.50072327e+02, 1.20533057e+03, 7.50919678e+02, 1.16399329e+03,
       7.51750610e+02, 1.12264148e+03, 7.52628418e+02, 1.08136108e+03,
       7.53451721e+02, 1.03981262e+03, 7.54276123e+02, 9.98502380e+02,
       7.54924683e+02, 9.56943237e+02, 7.55665161e+02, 9.15495789e+02,
       7.56396057e+02, 1.24607690e+03, 7.08668762e+02, 1.20471680e+03,
       7.09544495e+02, 1.16347449e+03, 7.10447205e+02, 1.12209192e+03,
       7.11297729e+02, 1.08060742e+03, 7.12044495e+02, 1.03923230e+03,
       7.12787476e+02, 9.97715820e+02, 7.13540771e+02, 9.56270386e+02,
       7.14358276e+02, 9.14659973e+02, 7.15011841e+02, 1.24550183e+03,
       6.67390808e+02, 1.20422473e+03, 6.68264893e+02, 1.16278992e+03,
       6.68992554e+02, 1.12145032e+03, 6.69763489e+02, 1.07996484e+03,
       6.70597412e+02, 1.03848547e+03, 6.71406128e+02, 9.97000366e+02,
       6.72206238e+02, 9.55442505e+02, 6.72869568e+02, 9.13813232e+02,
       6.73612488e+02, 1.24477820e+03, 6.26019714e+02, 1.20352466e+03,
       6.26755676e+02, 1.16224243e+03, 6.27600586e+02, 1.12070764e+03,
       6.28414246e+02, 1.07934790e+03, 6.29236816e+02, 1.03768494e+03,
       6.29981018e+02, 9.96321167e+02, 6.30728210e+02, 9.54591919e+02,
       6.31514404e+02, 9.13072571e+02, 6.32341003e+02, 1.24416553e+03,
       5.84470032e+02, 1.20276453e+03, 5.85258057e+02, 1.16151318e+03,
       5.85974915e+02, 1.12009155e+03, 5.86723328e+02, 1.07854480e+03,
       5.87564087e+02, 1.03702283e+03, 5.88384277e+02, 9.95489319e+02,
       5.89210815e+02, 9.53773315e+02, 5.89924622e+02, 9.12271484e+02,
       5.90701294e+02 ]
