%YAML:1.0
---
image_points: !!opencv-matrix
   rows: 54
   cols: 2
   dt: f
   data: [ 6.54122559e+02, 9.71108765e+02, 6.14106567e+02,
       9.73377686e+02, 5.74414307e+02, 9.75519836e+02, 5.34832581e+02,
       9.77656189e+02, 4.95532318e+02, 9.79731262e+02, 4.56410034e+02,
       9.81830505e+02, 4.17462494e+02, 9.83986206e+02, 3.78454468e+02,
       9.86113647e+02, 3.39567017e+02, 9.88208008e+02, 6.50796936e+02,
       9.31389954e+02, 6.10777954e+02, 9.33576477e+02, 5.71103333e+02,
       9.35781067e+02, 5.31509949e+02, 9.38103027e+02, 4.92187897e+02,
       9.40309692e+02, 4.53006653e+02, 9.42441589e+02, 4.14091003e+02,
       9.44508545e+02, 3.75125671e+02, 9.46604004e+02, 3.36329193e+02,
       9.48704163e+02, 6.47592102e+02, 8.91202698e+02, 6.07579834e+02,
       8.93501709e+02, 5.67751282e+02, 8.95787048e+02, 5.28206360e+02,
       8.98201233e+02, 4.88814423e+02, 9.00367798e+02, 4.49661255e+02,
       9.02569275e+02, 4.10702728e+02, 9.04716614e+02, 3.71735535e+02,
       9.06948242e+02, 3.33026276e+02, 9.09181458e+02, 6.44471436e+02,
       8.50958923e+02, 6.04416260e+02, 8.53408997e+02, 5.64568359e+02,
       8.55708557e+02, 5.24936035e+02, 8.58192078e+02, 4.85574036e+02,
       8.60487732e+02, 4.46355865e+02, 8.62692993e+02, 4.07374756e+02,
       8.65041504e+02, 3.68440308e+02, 8.67319092e+02, 3.29589691e+02,
       8.69502747e+02, 6.41413635e+02, 8.10666382e+02, 6.01276062e+02,
       8.13284241e+02, 5.61400452e+02, 8.15643372e+02, 5.21690735e+02,
       8.18179626e+02, 4.82332520e+02, 8.20516785e+02, 4.43068512e+02,
       8.22855469e+02, 4.04070465e+02, 8.25310059e+02, 3.65092316e+02,
       8.27549683e+02, 3.26296814e+02, 8.29870239e+02, 6.38317749e+02,
       7.70237854e+02, 5.98205444e+02, 7.72698059e+02, 5.58301758e+02,
       7.75357422e+02, 5.18548523e+02, 7.77774719e+02, 4.79102722e+02,
       7.80394958e+02, 4.39767334e+02, 7.82730835e+02, 4.00752289e+02,
       7.85301514e+02, 3.61711304e+02, 7.87610535e+02, 3.22890198e+02,
       7.90111938e+02 ]
