%YAML:1.0
---
image_points: !!opencv-matrix
   rows: 54
   cols: 2
   dt: f
   data: [ 1.82129712e+03, 6.84596619e+02, 1.77045935e+03,
       6.92628418e+02, 1.72085632e+03, 7.00606506e+02, 1.67245850e+03,
       7.08349426e+02, 1.62506946e+03, 7.15933655e+02, 1.57857544e+03,
       7.23454529e+02, 1.53316614e+03, 7.30757507e+02, 1.48840955e+03,
       7.37942993e+02, 1.44457129e+03, 7.45045715e+02, 1.80972607e+03,
       6.42948669e+02, 1.75989221e+03, 6.51446533e+02, 1.71135364e+03,
       6.59680115e+02, 1.66373218e+03, 6.67789673e+02, 1.61727234e+03,
       6.75757324e+02, 1.57156592e+03, 6.83598938e+02, 1.52696802e+03,
       6.91315247e+02, 1.48295203e+03, 6.98795288e+02, 1.43990540e+03,
       7.06276367e+02, 1.79837732e+03, 6.02474915e+02, 1.74952808e+03,
       6.11366455e+02, 1.70183594e+03, 6.19854675e+02, 1.65522607e+03,
       6.28318665e+02, 1.60949817e+03, 6.36602600e+02, 1.56461914e+03,
       6.44713013e+02, 1.52076477e+03, 6.52704834e+02, 1.47758398e+03,
       6.60583374e+02, 1.43528918e+03, 6.68318054e+02, 1.78734973e+03,
       5.63417725e+02, 1.73938025e+03, 5.72500793e+02, 1.69261145e+03,
       5.81334839e+02, 1.64672937e+03, 5.90057007e+02, 1.60187891e+03,
       5.98605042e+02, 1.55780896e+03, 6.07011780e+02, 1.51468542e+03,
       6.15299255e+02, 1.47223975e+03, 6.23416626e+02, 1.43055969e+03,
       6.31420593e+02, 1.77649255e+03, 5.25633240e+02, 1.72948584e+03,
       5.34948730e+02, 1.68352185e+03, 5.44036865e+02, 1.63852234e+03,
       5.52927979e+02, 1.59440771e+03, 5.61707031e+02, 1.55113184e+03,
       5.70411438e+02, 1.50864124e+03, 5.78867126e+02, 1.46686743e+03,
       5.87295898e+02, 1.42585522e+03, 5.95541138e+02, 1.76583875e+03,
       4.88764526e+02, 1.71965967e+03, 4.98389801e+02, 1.67457361e+03,
       5.07650970e+02, 1.63034937e+03, 5.16769836e+02, 1.58699780e+03,
       5.25779724e+02, 1.54440625e+03, 5.34657288e+02, 1.50267590e+03,
       5.43414612e+02, 1.46153503e+03, 5.52002075e+02, 1.42122522e+03,
       5.60486389e+02 ]
