%YAML:1.0
---
image_points: !!opencv-matrix
   rows: 54
   cols: 2
   dt: f
   data: [ 9.53018982e+02, 1.11583740e+03, 9.14287292e+02,
       1.11415344e+03, 8.75554871e+02, 1.11231030e+03, 8.36965515e+02,
       1.11041724e+03, 7.98498901e+02, 1.10836890e+03, 7.60143372e+02,
       1.10630750e+03, 7.21766479e+02, 1.10419373e+03, 6.83507141e+02,
       1.10189648e+03, 6.45380432e+02, 1.09964917e+03, 9.54606140e+02,
       1.07832288e+03, 9.15723572e+02, 1.07650378e+03, 8.77130676e+02,
       1.07461499e+03, 8.38436890e+02, 1.07271387e+03, 7.99780762e+02,
       1.07075000e+03, 7.61370483e+02, 1.06868982e+03, 7.23075256e+02,
       1.06656873e+03, 6.84620178e+02, 1.06443530e+03, 6.46476929e+02,
       1.06219446e+03, 9.56355103e+02, 1.04028711e+03, 9.17439514e+02,
       1.03848157e+03, 8.78550171e+02, 1.03664429e+03, 8.39739563e+02,
       1.03477515e+03, 8.01255310e+02, 1.03274878e+03, 7.62608521e+02,
       1.03078308e+03, 7.24318420e+02, 1.02867871e+03, 6.85780334e+02,
       1.02655994e+03, 6.47568970e+02, 1.02441260e+03, 9.57947937e+02,
       1.00215454e+03, 9.18938416e+02, 1.00042615e+03, 8.80161926e+02,
       9.98576538e+02, 8.41323486e+02, 9.96695557e+02, 8.02562012e+02,
       9.94784424e+02, 7.63887695e+02, 9.92770935e+02, 7.25473694e+02,
       9.90757507e+02, 6.86973877e+02, 9.88621887e+02, 6.48588684e+02,
       9.86507690e+02, 9.59583862e+02, 9.63803772e+02, 9.20514771e+02,
       9.62203064e+02, 8.81588684e+02, 9.60455139e+02, 8.42668335e+02,
       9.58598816e+02, 8.03887756e+02, 9.56685242e+02, 7.65281799e+02,
       9.54711792e+02, 7.26632080e+02, 9.52746765e+02, 6.88165039e+02,
       9.50679749e+02, 6.49648804e+02, 9.48576599e+02, 9.61346985e+02,
       9.25331360e+02, 9.22215820e+02, 9.23582458e+02, 8.83225464e+02,
       9.21829407e+02, 8.44275024e+02, 9.20184937e+02, 8.05366455e+02,
       9.18354004e+02, 7.66527527e+02, 9.16436096e+02, 7.27906250e+02,
       9.14489441e+02, 6.89323792e+02, 9.12465149e+02, 6.50714294e+02,
       9.10432861e+02 ]
