%YAML:1.0
---
image_points: !!opencv-matrix
   rows: 54
   cols: 2
   dt: f
   data: [ 1.28890564e+03, 1.12587427e+03, 1.25137158e+03,
       1.12340906e+03, 1.21364099e+03, 1.12073218e+03, 1.17585474e+03,
       1.11819128e+03, 1.13792615e+03, 1.11540833e+03, 1.09982971e+03,
       1.11255725e+03, 1.06171667e+03, 1.10964453e+03, 1.02330762e+03,
       1.10664404e+03, 9.84740356e+02, 1.10359778e+03, 1.29243726e+03,
       1.08813647e+03, 1.25485840e+03, 1.08550427e+03, 1.21728540e+03,
       1.08283118e+03, 1.17948877e+03, 1.08021411e+03, 1.14153772e+03,
       1.07740381e+03, 1.10345520e+03, 1.07454102e+03, 1.06533496e+03,
       1.07155432e+03, 1.02683228e+03, 1.06855286e+03, 9.88369202e+02,
       1.06542688e+03, 1.29590503e+03, 1.05004639e+03, 1.25842859e+03,
       1.04740454e+03, 1.22079468e+03, 1.04468689e+03, 1.18305164e+03,
       1.04198901e+03, 1.14514844e+03, 1.03919604e+03, 1.10702307e+03,
       1.03630493e+03, 1.06887036e+03, 1.03330310e+03, 1.03047681e+03,
       1.03020313e+03, 9.91952881e+02, 1.02699805e+03, 1.29939490e+03,
       1.01202716e+03, 1.26190283e+03, 1.00942694e+03, 1.22438293e+03,
       1.00658240e+03, 1.18658765e+03, 1.00378009e+03, 1.14867578e+03,
       1.00093738e+03, 1.11062537e+03, 9.97969604e+02, 1.07246814e+03,
       9.94972290e+02, 1.03409924e+03, 9.91805725e+02, 9.95532227e+02,
       9.88617859e+02, 1.30274683e+03, 9.74056152e+02, 1.26538782e+03,
       9.71347473e+02, 1.22781262e+03, 9.68545044e+02, 1.19018298e+03,
       9.65660339e+02, 1.15229773e+03, 9.62744385e+02, 1.11422729e+03,
       9.59763245e+02, 1.07611401e+03, 9.56712097e+02, 1.03762439e+03,
       9.53551880e+02, 9.99206482e+02, 9.50403137e+02, 1.30618103e+03,
       9.35843262e+02, 1.26873987e+03, 9.33145813e+02, 1.23135583e+03,
       9.30327332e+02, 1.19364319e+03, 9.27448730e+02, 1.15575305e+03,
       9.24471680e+02, 1.11778308e+03, 9.21441711e+02, 1.07963684e+03,
       9.18335632e+02, 1.04129553e+03, 9.15173889e+02, 1.00276129e+03,
       9.11845398e+02 ]
