%YAML:1.0
---
image_points: !!opencv-matrix
   rows: 54
   cols: 2
   dt: f
   data: [ 1.14331604e+03, 9.26811829e+02, 1.10273840e+03,
       9.31480896e+02, 1.06237390e+03, 9.36033508e+02, 1.02191235e+03,
       9.40541809e+02, 9.81571289e+02, 9.44934204e+02, 9.41332214e+02,
       9.49331421e+02, 9.01185303e+02, 9.53565063e+02, 8.60852661e+02,
       9.57712708e+02, 8.20777100e+02, 9.61902771e+02, 1.13870752e+03,
       8.86593994e+02, 1.09826392e+03, 8.91267517e+02, 1.05775989e+03,
       8.95749023e+02, 1.01743622e+03, 9.00368042e+02, 9.77087280e+02,
       9.04738831e+02, 9.36739563e+02, 9.09216675e+02, 8.96601990e+02,
       9.13487427e+02, 8.56422607e+02, 9.17700439e+02, 8.16356934e+02,
       9.21826416e+02, 1.13414771e+03, 8.46109802e+02, 1.09361975e+03,
       8.50702209e+02, 1.05328333e+03, 8.55373718e+02, 1.01279645e+03,
       8.59869629e+02, 9.72522217e+02, 8.64376770e+02, 9.32265686e+02,
       8.68755066e+02, 8.92163635e+02, 8.73174622e+02, 8.51894104e+02,
       8.77441162e+02, 8.11863037e+02, 8.81616455e+02, 1.12948877e+03,
       8.05649719e+02, 1.08904150e+03, 8.10378418e+02, 1.04863440e+03,
       8.14935974e+02, 1.00832190e+03, 8.19516235e+02, 9.68003113e+02,
       8.24056702e+02, 9.27685852e+02, 8.28488342e+02, 8.87573853e+02,
       8.32843323e+02, 8.47461792e+02, 8.37223755e+02, 8.07415894e+02,
       8.41484924e+02, 1.12479724e+03, 7.65378540e+02, 1.08442102e+03,
       7.70063232e+02, 1.04407581e+03, 7.74644470e+02, 1.00371521e+03,
       7.79275879e+02, 9.63462830e+02, 7.83740662e+02, 9.23250366e+02,
       7.88308350e+02, 8.83160400e+02, 7.92678833e+02, 8.42961731e+02,
       7.97126221e+02, 8.02959351e+02, 8.01416321e+02, 1.12014197e+03,
       7.24811951e+02, 1.07971387e+03, 7.29551575e+02, 1.03948169e+03,
       7.34243042e+02, 9.99159912e+02, 7.38772095e+02, 9.58884949e+02,
       7.43414246e+02, 9.18685852e+02, 7.47869080e+02, 8.78614258e+02,
       7.52391602e+02, 8.38489319e+02, 7.56773926e+02, 7.98532043e+02,
       7.61284363e+02 ]
