%YAML:1.0
---
image_points: !!opencv-matrix
   rows: 54
   cols: 2
   dt: f
   data: [ 9.63722717e+02, 9.84035034e+02, 9.23562866e+02,
       9.84296814e+02, 8.83522400e+02, 9.84390503e+02, 8.43552368e+02,
       9.84440979e+02, 8.03651184e+02, 9.84420715e+02, 7.63921509e+02,
       9.84353027e+02, 7.24393860e+02, 9.84243347e+02, 6.84656494e+02,
       9.83968506e+02, 6.45296753e+02, 9.83712646e+02, 9.63493103e+02,
       9.44190552e+02, 9.23348206e+02, 9.44389343e+02, 8.83306702e+02,
       9.44487610e+02, 8.43348145e+02, 9.44567932e+02, 8.03455383e+02,
       9.44583862e+02, 7.63645691e+02, 9.44559753e+02, 7.24169006e+02,
       9.44467407e+02, 6.84495361e+02, 9.44361145e+02, 6.45104065e+02,
       9.44136353e+02, 9.63261841e+02, 9.03941406e+02, 9.23065308e+02,
       9.04259888e+02, 8.83026917e+02, 9.04414490e+02, 8.43061829e+02,
       9.04522156e+02, 8.03274231e+02, 9.04531860e+02, 7.63479797e+02,
       9.04578796e+02, 7.23865662e+02, 9.04522705e+02, 6.84366638e+02,
       9.04443176e+02, 6.44914001e+02, 9.04329529e+02, 9.62894409e+02,
       8.63858948e+02, 9.22706665e+02, 8.64225525e+02, 8.82707947e+02,
       8.64395996e+02, 8.42751526e+02, 8.64499390e+02, 8.03033630e+02,
       8.64593933e+02, 7.63301208e+02, 8.64622742e+02, 7.23671204e+02,
       8.64624878e+02, 6.84227173e+02, 8.64555542e+02, 6.44726868e+02,
       8.64501404e+02, 9.62595886e+02, 8.23822021e+02, 9.22495300e+02,
       8.24222473e+02, 8.82516968e+02, 8.24444580e+02, 8.42576721e+02,
       8.24562439e+02, 8.02737549e+02, 8.24677795e+02, 7.63109680e+02,
       8.24731873e+02, 7.23535278e+02, 8.24803284e+02, 6.84018311e+02,
       8.24799805e+02, 6.44606384e+02, 8.24749268e+02, 9.62370300e+02,
       7.83645874e+02, 9.22317688e+02, 7.83990417e+02, 8.82353088e+02,
       7.84313660e+02, 8.42430847e+02, 7.84503601e+02, 8.02580505e+02,
       7.84642029e+02, 7.62880066e+02, 7.84772949e+02, 7.23432495e+02,
       7.84885071e+02, 6.83854492e+02, 7.84948181e+02, 6.44502258e+02,
       7.85017517e+02 ]
