%YAML:1.0
---
image_points: !!opencv-matrix
   rows: 54
   cols: 2
   dt: f
   data: [ 1.15791565e+03, 8.03796265e+02, 1.11643335e+03,
       8.03690247e+02, 1.07483093e+03, 8.03560303e+02, 1.03339148e+03,
       8.03421753e+02, 9.91736450e+02, 8.03162964e+02, 9.50336609e+02,
       8.02783691e+02, 9.08816528e+02, 8.02532104e+02, 8.67312317e+02,
       8.02208130e+02, 8.25737000e+02, 8.01702454e+02, 1.15840430e+03,
       7.62585327e+02, 1.11671265e+03, 7.62480164e+02, 1.07529700e+03,
       7.62318787e+02, 1.03361304e+03, 7.62104126e+02, 9.92135376e+02,
       7.61793518e+02, 9.50513306e+02, 7.61554871e+02, 9.09087769e+02,
       7.61313965e+02, 8.67447144e+02, 7.60898193e+02, 8.25879272e+02,
       7.60522522e+02, 1.15868665e+03, 7.21027893e+02, 1.11721179e+03,
       7.20787537e+02, 1.07556848e+03, 7.20632446e+02, 1.03389111e+03,
       7.20481628e+02, 9.92411011e+02, 7.20299622e+02, 9.50731689e+02,
       7.19988953e+02, 9.09351563e+02, 7.19648010e+02, 8.67613281e+02,
       7.19419434e+02, 8.26164185e+02, 7.19046509e+02, 1.15913391e+03,
       6.79486511e+02, 1.11747620e+03, 6.79362793e+02, 1.07587231e+03,
       6.79139526e+02, 1.03431299e+03, 6.78851501e+02, 9.92639771e+02,
       6.78629578e+02, 9.51078735e+02, 6.78437500e+02, 9.09491028e+02,
       6.78204956e+02, 8.67815430e+02, 6.77769165e+02, 8.26331238e+02,
       6.77523926e+02, 1.15937329e+03, 6.38035095e+02, 1.11768152e+03,
       6.37720398e+02, 1.07623975e+03, 6.37547485e+02, 1.03453662e+03,
       6.37378235e+02, 9.92911133e+02, 6.37171448e+02, 9.51346375e+02,
       6.36824707e+02, 9.09714905e+02, 6.36597351e+02, 8.68112915e+02,
       6.36392273e+02, 8.26506653e+02, 6.36119934e+02, 1.15952759e+03,
       5.96393982e+02, 1.11799890e+03, 5.96137329e+02, 1.07647632e+03,
       5.95792297e+02, 1.03476672e+03, 5.95581543e+02, 9.93268250e+02,
       5.95441284e+02, 9.51584778e+02, 5.95210693e+02, 9.09994629e+02,
       5.94889099e+02, 8.68351196e+02, 5.94637512e+02, 8.26686646e+02,
       5.94468872e+02 ]
