%YAML:1.0
---
image_points: !!opencv-matrix
   rows: 54
   cols: 2
   dt: f
   data: [ 1.67977112e+03, 8.43330261e+02, 1.63770483e+03,
       8.41933105e+02, 1.59590283e+03, 8.40577026e+02, 1.55426306e+03,
       8.39320496e+02, 1.51258716e+03, 8.37889709e+02, 1.47106335e+03,
       8.36532288e+02, 1.42961646e+03, 8.35296631e+02, 1.38809729e+03,
       8.33782959e+02, 1.34661182e+03, 8.32457886e+02, 1.68135388e+03,
       8.01980957e+02, 1.63931750e+03, 8.00665588e+02, 1.59747583e+03,
       7.99425537e+02, 1.55576978e+03, 7.98186646e+02, 1.51421265e+03,
       7.96827576e+02, 1.47254578e+03, 7.95571716e+02, 1.43115540e+03,
       7.94347351e+02, 1.38953650e+03, 7.92985291e+02, 1.34803735e+03,
       7.91608032e+02, 1.68277759e+03, 7.60392029e+02, 1.64073328e+03,
       7.59180359e+02, 1.59898193e+03, 7.57977600e+02, 1.55728308e+03,
       7.56694519e+02, 1.51558923e+03, 7.55530457e+02, 1.47402917e+03,
       7.54387085e+02, 1.43254749e+03, 7.53134521e+02, 1.39090735e+03,
       7.51770935e+02, 1.34943884e+03, 7.50542419e+02, 1.68416980e+03,
       7.18779968e+02, 1.64217078e+03, 7.17632568e+02, 1.60037781e+03,
       7.16489868e+02, 1.55862610e+03, 7.15392639e+02, 1.51697949e+03,
       7.14250244e+02, 1.47541711e+03, 7.13054565e+02, 1.43382910e+03,
       7.11819580e+02, 1.39232837e+03, 7.10633362e+02, 1.35068372e+03,
       7.09486694e+02, 1.68534705e+03, 6.77295959e+02, 1.64337366e+03,
       6.76217896e+02, 1.60160413e+03, 6.75124451e+02, 1.55989465e+03,
       6.73975037e+02, 1.51832886e+03, 6.72814331e+02, 1.47663049e+03,
       6.71715454e+02, 1.43523328e+03, 6.70652283e+02, 1.39354346e+03,
       6.69526184e+02, 1.35195203e+03, 6.68467346e+02, 1.68642932e+03,
       6.35509888e+02, 1.64450146e+03, 6.34493286e+02, 1.60276245e+03,
       6.33468262e+02, 1.56112659e+03, 6.32434509e+02, 1.51950635e+03,
       6.31415527e+02, 1.47786169e+03, 6.30387878e+02, 1.43640356e+03,
       6.29364746e+02, 1.39473608e+03, 6.28323486e+02, 1.35321277e+03,
       6.27261841e+02 ]
