%YAML:1.0
---
image_points: !!opencv-matrix
   rows: 54
   cols: 2
   dt: f
   data: [ 5.54626038e+02, 7.90531311e+02, 5.15114807e+02,
       7.93020142e+02, 4.76037720e+02, 7.95451294e+02, 4.37191254e+02,
       7.97775696e+02, 3.98581604e+02, 8.00260925e+02, 3.60395325e+02,
       8.02538818e+02, 3.22413757e+02, 8.04887817e+02, 2.84465240e+02,
       8.07340942e+02, 2.46694397e+02, 8.09592834e+02, 5.51695557e+02,
       7.49756592e+02, 5.12249390e+02, 7.52429626e+02, 4.73118225e+02,
       7.54901794e+02, 4.34307861e+02, 7.57474915e+02, 3.95745026e+02,
       7.60029175e+02, 3.57521332e+02, 7.62502686e+02, 3.19620392e+02,
       7.64976685e+02, 2.81721954e+02, 7.67461304e+02, 2.44160187e+02,
       7.69854736e+02, 5.48800598e+02, 7.08744934e+02, 5.09415771e+02,
       7.11535034e+02, 4.70305878e+02, 7.14310852e+02, 4.31445770e+02,
       7.16901917e+02, 3.93022522e+02, 7.19558167e+02, 3.54766022e+02,
       7.22306641e+02, 3.16907776e+02, 7.24753784e+02, 2.79157074e+02,
       7.27463074e+02, 2.41546722e+02, 7.30052917e+02, 5.46088867e+02,
       6.67957947e+02, 5.06584351e+02, 6.70765869e+02, 4.67518494e+02,
       6.73593933e+02, 4.28674530e+02, 6.76498840e+02, 3.90324554e+02,
       6.79343567e+02, 3.52151825e+02, 6.82042053e+02, 3.14264801e+02,
       6.84720215e+02, 2.76460236e+02, 6.87501526e+02, 2.38869217e+02,
       6.90317932e+02, 5.43428101e+02, 6.27287292e+02, 5.03906128e+02,
       6.30310730e+02, 4.64817596e+02, 6.33236145e+02, 4.26049469e+02,
       6.36175110e+02, 3.87599915e+02, 6.39063293e+02, 3.49442200e+02,
       6.41933655e+02, 3.11547699e+02, 6.44806580e+02, 2.73775787e+02,
       6.47677307e+02, 2.36291458e+02, 6.50557861e+02, 5.40702759e+02,
       5.86411377e+02, 5.01364410e+02, 5.89468750e+02, 4.62308228e+02,
       5.92545776e+02, 4.23454224e+02, 5.95617249e+02, 3.85043854e+02,
       5.98663879e+02, 3.46790771e+02, 6.01725586e+02, 3.09027618e+02,
       6.04721008e+02, 2.71224152e+02, 6.07735901e+02, 2.33608612e+02,
       6.10725220e+02 ]
