%YAML:1.0
---
image_points: !!opencv-matrix
   rows: 54
   cols: 2
   dt: f
   data: [ 7.06573425e+02, 9.68489990e+02, 6.66469543e+02,
       9.70573059e+02, 6.26593384e+02, 9.72643494e+02, 5.86905579e+02,
       9.74662720e+02, 5.47409363e+02, 9.76608154e+02, 5.08022400e+02,
       9.78562317e+02, 4.68786255e+02, 9.80516113e+02, 4.29554413e+02,
       9.82433899e+02, 3.90501801e+02, 9.84358826e+02, 7.03829407e+02,
       9.28573242e+02, 6.63712708e+02, 9.30661316e+02, 6.23892029e+02,
       9.32741699e+02, 5.84254272e+02, 9.34841919e+02, 5.44649780e+02,
       9.36834656e+02, 5.05324707e+02, 9.38851013e+02, 4.66189484e+02,
       9.40765930e+02, 4.26945587e+02, 9.42744629e+02, 3.87932220e+02,
       9.44640747e+02, 7.01271118e+02, 8.88365051e+02, 6.61174072e+02,
       8.90507263e+02, 6.21282532e+02, 8.92630066e+02, 5.81502930e+02,
       8.94749756e+02, 5.42006836e+02, 8.96810791e+02, 5.02629944e+02,
       8.98874573e+02, 4.63508911e+02, 9.00855042e+02, 4.24382446e+02,
       9.02846313e+02, 3.85415405e+02, 9.04776855e+02, 6.98610779e+02,
       8.48162903e+02, 6.58498596e+02, 8.50387695e+02, 6.18600037e+02,
       8.52546021e+02, 5.78830200e+02, 8.54681274e+02, 5.39415588e+02,
       8.56817505e+02, 5.00017517e+02, 8.58954651e+02, 4.60808258e+02,
       8.61079224e+02, 4.21718140e+02, 8.63090515e+02, 3.82748383e+02,
       8.65139465e+02, 6.96129639e+02, 8.07858276e+02, 6.55904846e+02,
       8.10272705e+02, 6.16069397e+02, 8.12481812e+02, 5.76351868e+02,
       8.14629211e+02, 5.36735168e+02, 8.16847656e+02, 4.97416016e+02,
       8.19122559e+02, 4.58300354e+02, 8.21265320e+02, 4.19187531e+02,
       8.23353394e+02, 3.80223907e+02, 8.25416748e+02, 6.93544006e+02,
       7.67469482e+02, 6.53471130e+02, 7.69751160e+02, 6.13525391e+02,
       7.72215088e+02, 5.73733826e+02, 7.74472534e+02, 5.34280762e+02,
       7.76656555e+02, 4.94829987e+02, 7.78924744e+02, 4.55694336e+02,
       7.81249268e+02, 4.16557373e+02, 7.83378235e+02, 3.77587097e+02,
       7.85506958e+02 ]
