%YAML:1.0
---
image_points: !!opencv-matrix
   rows: 54
   cols: 2
   dt: f
   data: [ 1.37372754e+03, 5.10656860e+02, 1.33079065e+03,
       5.11802155e+02, 1.28776135e+03, 5.13059814e+02, 1.24465161e+03,
       5.14295837e+02, 1.20145557e+03, 5.15440552e+02, 1.15810059e+03,
       5.16611145e+02, 1.11469812e+03, 5.17950439e+02, 1.07110266e+03,
       5.19308228e+02, 1.02750391e+03, 5.20566772e+02, 1.37246606e+03,
       4.67527557e+02, 1.32950830e+03, 4.68593384e+02, 1.28651294e+03,
       4.69649475e+02, 1.24341895e+03, 4.70811554e+02, 1.20018164e+03,
       4.72119080e+02, 1.15669214e+03, 4.73357819e+02, 1.11339795e+03,
       4.74551941e+02, 1.06973962e+03, 4.75842407e+02, 1.02619458e+03,
       4.77278259e+02, 1.37107263e+03, 4.24184998e+02, 1.32814075e+03,
       4.25238495e+02, 1.28520862e+03, 4.26313812e+02, 1.24195825e+03,
       4.27392975e+02, 1.19870886e+03, 4.28528259e+02, 1.15543274e+03,
       4.29703064e+02, 1.11203821e+03, 4.31022522e+02, 1.06846240e+03,
       4.32362457e+02, 1.02478381e+03, 4.33608856e+02, 1.36956567e+03,
       3.80888550e+02, 1.32662976e+03, 3.81853302e+02, 1.28367712e+03,
       3.82860870e+02, 1.24056030e+03, 3.84014404e+02, 1.19739087e+03,
       3.85192444e+02, 1.15404102e+03, 3.86358978e+02, 1.11061414e+03,
       3.87543549e+02, 1.06712659e+03, 3.88827881e+02, 1.02348560e+03,
       3.90258362e+02, 1.36797144e+03, 3.37843689e+02, 1.32512964e+03,
       3.38730530e+02, 1.28223840e+03, 3.39710785e+02, 1.23917053e+03,
       3.40719849e+02, 1.19589575e+03, 3.41845581e+02, 1.15257349e+03,
       3.43110382e+02, 1.10934851e+03, 3.44352997e+02, 1.06568018e+03,
       3.45534271e+02, 1.02216565e+03, 3.46886047e+02, 1.36636780e+03,
       2.94704071e+02, 1.32348535e+03, 2.95605927e+02, 1.28059326e+03,
       2.96546936e+02, 1.23756238e+03, 2.97526001e+02, 1.19447131e+03,
       2.98576691e+02, 1.15122107e+03, 2.99688934e+02, 1.10779553e+03,
       3.00920044e+02, 1.06438989e+03, 3.02288086e+02, 1.02073700e+03,
       3.03572357e+02 ]
