%YAML:1.0
---
image_points: !!opencv-matrix
   rows: 54
   cols: 2
   dt: f
   data: [ 9.64639160e+02, 5.31084045e+02, 9.20348572e+02,
       5.31434509e+02, 8.76211914e+02, 5.31774231e+02, 8.32209290e+02,
       5.32282471e+02, 7.88385498e+02, 5.32607178e+02, 7.44699707e+02,
       5.33140808e+02, 7.01398254e+02, 5.33537109e+02, 6.58002380e+02,
       5.34072937e+02, 6.14906860e+02, 5.34523193e+02, 9.64380371e+02,
       4.86966583e+02, 9.19997314e+02, 4.87397369e+02, 8.75826233e+02,
       4.87737183e+02, 8.31845825e+02, 4.88298340e+02, 7.88126160e+02,
       4.88721680e+02, 7.44466431e+02, 4.89342041e+02, 7.01148926e+02,
       4.89799774e+02, 6.57756226e+02, 4.90474670e+02, 6.14705139e+02,
       4.91033783e+02, 9.64008545e+02, 4.42651337e+02, 9.19694946e+02,
       4.43201355e+02, 8.75588135e+02, 4.43583893e+02, 8.31579102e+02,
       4.44200653e+02, 7.87820740e+02, 4.44682678e+02, 7.44307007e+02,
       4.45385620e+02, 7.00933960e+02, 4.45972656e+02, 6.57642456e+02,
       4.46622467e+02, 6.14636108e+02, 4.47406097e+02, 9.63687195e+02,
       3.98636200e+02, 9.19441711e+02, 3.99197510e+02, 8.75375488e+02,
       3.99608704e+02, 8.31426270e+02, 4.00302246e+02, 7.87672791e+02,
       4.00876984e+02, 7.44117554e+02, 4.01534912e+02, 7.00751099e+02,
       4.02346710e+02, 6.57550232e+02, 4.03086670e+02, 6.14517517e+02,
       4.03779938e+02, 9.63395874e+02, 3.54835938e+02, 9.19147339e+02,
       3.55403717e+02, 8.75114807e+02, 3.55881104e+02, 8.31271729e+02,
       3.56504456e+02, 7.87498962e+02, 3.57240387e+02, 7.43940002e+02,
       3.57936401e+02, 7.00661926e+02, 3.58702240e+02, 6.57455994e+02,
       3.59568542e+02, 6.14483337e+02, 3.60488434e+02, 9.63051392e+02,
       3.11063446e+02, 9.18857056e+02, 3.11535706e+02, 8.74875793e+02,
       3.12208527e+02, 8.31066284e+02, 3.12750641e+02, 7.87390503e+02,
       3.13497925e+02, 7.43814636e+02, 3.14374908e+02, 7.00573486e+02,
       3.15236969e+02, 6.57411072e+02, 3.16124298e+02, 6.14450928e+02,
       3.17116608e+02 ]
