%YAML:1.0
---
image_points: !!opencv-matrix
   rows: 54
   cols: 2
   dt: f
   data: [ 8.48828186e+02, 4.10588806e+02, 8.03395691e+02,
       4.11625854e+02, 7.58172424e+02, 4.12741333e+02, 7.13142822e+02,
       4.13788025e+02, 6.68391052e+02, 4.14963898e+02, 6.23867859e+02,
       4.16213470e+02, 5.79719177e+02, 4.17349670e+02, 5.35669556e+02,
       4.18502594e+02, 4.91991608e+02, 4.19634430e+02, 8.49688049e+02,
       3.69629395e+02, 8.04639343e+02, 3.70682220e+02, 7.59924255e+02,
       3.71797791e+02, 7.15407410e+02, 3.72933563e+02, 6.71143738e+02,
       3.74237885e+02, 6.27010986e+02, 3.75432251e+02, 5.83376038e+02,
       3.76633575e+02, 5.39687988e+02, 3.77903259e+02, 4.96449432e+02,
       3.79308350e+02, 8.50513794e+02, 3.29373993e+02, 8.06029114e+02,
       3.30508820e+02, 7.61674622e+02, 3.31556641e+02, 7.17594849e+02,
       3.32738556e+02, 6.73758240e+02, 3.34090759e+02, 6.30232239e+02,
       3.35370972e+02, 5.86894470e+02, 3.36578125e+02, 5.43693420e+02,
       3.37948273e+02, 5.00802429e+02, 3.39359436e+02, 8.51447144e+02,
       2.90173035e+02, 8.07350098e+02, 2.91275726e+02, 7.63507263e+02,
       2.92361328e+02, 7.19820679e+02, 2.93514282e+02, 6.76490540e+02,
       2.94758270e+02, 6.33303711e+02, 2.96129822e+02, 5.90431641e+02,
       2.97459076e+02, 5.47591492e+02, 2.98743591e+02, 5.05112579e+02,
       3.00247681e+02, 8.52305603e+02, 2.51828140e+02, 8.08603760e+02,
       2.52901505e+02, 7.65286072e+02, 2.54033173e+02, 7.22091492e+02,
       2.55206482e+02, 6.79121765e+02, 2.56417297e+02, 6.36361938e+02,
       2.57687531e+02, 5.93785828e+02, 2.59085419e+02, 5.51437988e+02,
       2.60460724e+02, 5.09296997e+02, 2.61791107e+02, 8.53108948e+02,
       2.14242966e+02, 8.09859497e+02, 2.15321945e+02, 7.67016907e+02,
       2.16386826e+02, 7.24278687e+02, 2.17491852e+02, 6.81647949e+02,
       2.18675720e+02, 6.39357361e+02, 2.20033752e+02, 5.97317993e+02,
       2.21416168e+02, 5.55239746e+02, 2.22690048e+02, 5.13426331e+02,
       2.24223282e+02 ]
