%YAML:1.0
---
image_points: !!opencv-matrix
   rows: 54
   cols: 2
   dt: f
   data: [ 1.50301294e+03, 9.41692627e+02, 1.46472009e+03,
       9.44233093e+02, 1.42642761e+03, 9.46559021e+02, 1.38798206e+03,
       9.48921997e+02, 1.34942432e+03, 9.51357300e+02, 1.31063220e+03,
       9.53580627e+02, 1.27176257e+03, 9.55880493e+02, 1.23265234e+03,
       9.58185181e+02, 1.19352307e+03, 9.60406311e+02, 1.50200659e+03,
       9.03433533e+02, 1.46366357e+03, 9.05724609e+02, 1.42539697e+03,
       9.08170105e+02, 1.38684412e+03, 9.10499573e+02, 1.34827222e+03,
       9.12762390e+02, 1.30942761e+03, 9.15170715e+02, 1.27051758e+03,
       9.17388611e+02, 1.23137366e+03, 9.19573486e+02, 1.19206604e+03,
       9.21692749e+02, 1.50091492e+03, 8.64618896e+02, 1.46258459e+03,
       8.66987915e+02, 1.42432629e+03, 8.69379272e+02, 1.38563110e+03,
       8.71606812e+02, 1.34696240e+03, 8.73932190e+02, 1.30816772e+03,
       8.76287415e+02, 1.26923145e+03, 8.78452026e+02, 1.22985815e+03,
       8.80581238e+02, 1.19055005e+03, 8.82720398e+02, 1.49970752e+03,
       8.25835327e+02, 1.46145105e+03, 8.28265869e+02, 1.42307251e+03,
       8.30469299e+02, 1.38445813e+03, 8.32713379e+02, 1.34566943e+03,
       8.34984741e+02, 1.30675757e+03, 8.37261169e+02, 1.26772791e+03,
       8.39457153e+02, 1.22849487e+03, 8.41565979e+02, 1.18910779e+03,
       8.43680420e+02, 1.49849890e+03, 7.87061584e+02, 1.46019861e+03,
       7.89348328e+02, 1.42172314e+03, 7.91532410e+02, 1.38321936e+03,
       7.93692200e+02, 1.34443213e+03, 7.95998230e+02, 1.30544678e+03,
       7.98260986e+02, 1.26645117e+03, 8.00416382e+02, 1.22705212e+03,
       8.02496704e+02, 1.18755969e+03, 8.04598694e+02, 1.49721472e+03,
       7.47843384e+02, 1.45879065e+03, 7.50159546e+02, 1.42043542e+03,
       7.52366333e+02, 1.38176135e+03, 7.54505310e+02, 1.34303125e+03,
       7.56636658e+02, 1.30405518e+03, 7.58804260e+02, 1.26492310e+03,
       7.60999207e+02, 1.22555420e+03, 7.63178894e+02, 1.18607788e+03,
       7.65290039e+02 ]
