%YAML:1.0
---
image_points: !!opencv-matrix
   rows: 54
   cols: 2
   dt: f
   data: [ 7.07387939e+02, 5.67563354e+02, 6.68411011e+02,
       5.69466370e+02, 6.29571594e+02, 5.71348755e+02, 5.90822388e+02,
       5.73201172e+02, 5.52299438e+02, 5.74949829e+02, 5.13723572e+02,
       5.76765381e+02, 4.75395081e+02, 5.78650818e+02, 4.36855927e+02,
       5.80543945e+02, 3.98521454e+02, 5.82469299e+02, 7.05762451e+02,
       5.29084045e+02, 6.66875366e+02, 5.30810547e+02, 6.28244385e+02,
       5.32638977e+02, 5.89496765e+02, 5.34528442e+02, 5.50911682e+02,
       5.36477966e+02, 5.12453430e+02, 5.38380310e+02, 4.74169525e+02,
       5.40280762e+02, 4.35674622e+02, 5.42165222e+02, 3.97427765e+02,
       5.44003601e+02, 7.04369873e+02, 4.90414246e+02, 6.65496521e+02,
       4.92304047e+02, 6.26758911e+02, 4.94104492e+02, 5.88210327e+02,
       4.95901154e+02, 5.49626831e+02, 4.97739990e+02, 5.11290741e+02,
       4.99655548e+02, 4.72930847e+02, 5.01570190e+02, 4.34570313e+02,
       5.03516266e+02, 3.96355957e+02, 5.05468933e+02, 7.02855225e+02,
       4.52109802e+02, 6.64168884e+02, 4.53796631e+02, 6.25513672e+02,
       4.55607239e+02, 5.86884521e+02, 4.57526123e+02, 5.48477905e+02,
       4.59453491e+02, 5.10084961e+02, 4.61352448e+02, 4.71745789e+02,
       4.63279053e+02, 4.33471069e+02, 4.65183105e+02, 3.95210968e+02,
       4.67068481e+02, 7.01500549e+02, 4.13911194e+02, 6.62734924e+02,
       4.15639709e+02, 6.24255493e+02, 4.17487854e+02, 5.85665955e+02,
       4.19354279e+02, 5.47331604e+02, 4.21238861e+02, 5.08897797e+02,
       4.23135071e+02, 4.70623566e+02, 4.24953857e+02, 4.32390289e+02,
       4.26849915e+02, 3.94161041e+02, 4.28743408e+02, 7.00206299e+02,
       3.75849457e+02, 6.61538025e+02, 3.77499725e+02, 6.23031006e+02,
       3.79392883e+02, 5.84551575e+02, 3.81184479e+02, 5.46221436e+02,
       3.82975861e+02, 5.07774048e+02, 3.84788635e+02, 4.69614746e+02,
       3.86702271e+02, 4.31354767e+02, 3.88600250e+02, 3.93123596e+02,
       3.90561890e+02 ]
