%YAML:1.0
---
image_points: !!opencv-matrix
   rows: 54
   cols: 2
   dt: f
   data: [ 1.31602991e+03, 5.06377228e+02, 1.27262598e+03,
       5.07662323e+02, 1.22927332e+03, 5.09264343e+02, 1.18566943e+03,
       5.10619904e+02, 1.14215222e+03, 5.12236816e+02, 1.09844287e+03,
       5.13663635e+02, 1.05472302e+03, 5.15356750e+02, 1.01081567e+03,
       5.16843811e+02, 9.67077515e+02, 5.18537292e+02, 1.31445984e+03,
       4.62768066e+02, 1.27107874e+03, 4.64281250e+02, 1.22761353e+03,
       4.65549438e+02, 1.18417859e+03, 4.67095764e+02, 1.14053674e+03,
       4.68544922e+02, 1.09674951e+03, 4.70163635e+02, 1.05320117e+03,
       4.71637146e+02, 1.00933374e+03, 4.73353699e+02, 9.65451782e+02,
       4.74896759e+02, 1.31272278e+03, 4.19197754e+02, 1.26943835e+03,
       4.20489532e+02, 1.22604553e+03, 4.21770569e+02, 1.18249780e+03,
       4.23327301e+02, 1.13884753e+03, 4.24707153e+02, 1.09526770e+03,
       4.26359772e+02, 1.05153833e+03, 4.27834503e+02, 1.00764856e+03,
       4.29484253e+02, 9.63813477e+02, 4.31197540e+02, 1.31107007e+03,
       3.75592133e+02, 1.26766748e+03, 3.76895996e+02, 1.22436487e+03,
       3.78312439e+02, 1.18076880e+03, 3.79613403e+02, 1.13730420e+03,
       3.81172607e+02, 1.09356177e+03, 3.82566681e+02, 1.04986475e+03,
       3.84244385e+02, 1.00613672e+03, 3.85751923e+02, 9.62301941e+02,
       3.87468079e+02, 1.30926721e+03, 3.32379944e+02, 1.26587268e+03,
       3.33537262e+02, 1.22257031e+03, 3.34791473e+02, 1.17916589e+03,
       3.36247559e+02, 1.13556299e+03, 3.37574127e+02, 1.09186511e+03,
       3.39148743e+02, 1.04836328e+03, 3.40643372e+02, 1.00448492e+03,
       3.42318420e+02, 9.60614258e+02, 3.43985596e+02, 1.30738269e+03,
       2.88881958e+02, 1.26411816e+03, 2.90183105e+02, 1.22075781e+03,
       2.91409698e+02, 1.17741223e+03, 2.92613098e+02, 1.13381177e+03,
       2.94121765e+02, 1.09031604e+03, 2.95528473e+02, 1.04659912e+03,
       2.97138092e+02, 1.00279834e+03, 2.98668213e+02, 9.59122986e+02,
       3.00457153e+02 ]
