%YAML:1.0
---
image_points: !!opencv-matrix
   rows: 54
   cols: 2
   dt: f
   data: [ 6.43841492e+02, 7.44222900e+02, 6.02230957e+02,
       7.44572388e+02, 5.60912720e+02, 7.45076294e+02, 5.19815796e+02,
       7.45486694e+02, 4.79040588e+02, 7.45765808e+02, 4.38431305e+02,
       7.46302979e+02, 3.98133179e+02, 7.46572632e+02, 3.57762939e+02,
       7.46980896e+02, 3.17671448e+02, 7.47402405e+02, 6.43092957e+02,
       7.02293335e+02, 6.01469666e+02, 7.02670715e+02, 5.60149963e+02,
       7.03287720e+02, 5.19085022e+02, 7.03668579e+02, 4.78244781e+02,
       7.04305054e+02, 4.37639465e+02, 7.04654175e+02, 3.97361725e+02,
       7.05263489e+02, 3.57070465e+02, 7.05610413e+02, 3.16997040e+02,
       7.06166504e+02, 6.42412903e+02, 6.59978088e+02, 6.00779968e+02,
       6.60575439e+02, 5.59449158e+02, 6.61260986e+02, 5.18362732e+02,
       6.61712402e+02, 4.77542267e+02, 6.62411194e+02, 4.36944061e+02,
       6.62938904e+02, 3.96630615e+02, 6.63510803e+02, 3.56371613e+02,
       6.64160217e+02, 3.16335052e+02, 6.64598206e+02, 6.41756348e+02,
       6.17836243e+02, 6.00168823e+02, 6.18532898e+02, 5.58796997e+02,
       6.19312683e+02, 5.17707458e+02, 6.19857605e+02, 4.76916687e+02,
       6.20567139e+02, 4.36310913e+02, 6.21331604e+02, 3.95924255e+02,
       6.21913879e+02, 3.55649841e+02, 6.22550720e+02, 3.15538177e+02,
       6.23321411e+02, 6.41275269e+02, 5.75841553e+02, 5.99609436e+02,
       5.76591431e+02, 5.58301208e+02, 5.77409973e+02, 5.17196594e+02,
       5.78182983e+02, 4.76348907e+02, 5.78814758e+02, 4.35662689e+02,
       5.79596008e+02, 3.95329437e+02, 5.80444641e+02, 3.54991608e+02,
       5.81258606e+02, 3.14832123e+02, 5.81878235e+02, 6.40710876e+02,
       5.33699463e+02, 5.99182617e+02, 5.34549927e+02, 5.57795532e+02,
       5.35431885e+02, 5.16666626e+02, 5.36303101e+02, 4.75789337e+02,
       5.37125610e+02, 4.35186859e+02, 5.37850098e+02, 3.94782257e+02,
       5.38698059e+02, 3.54400513e+02, 5.39559326e+02, 3.14234009e+02,
       5.40466980e+02 ]
