%YAML:1.0
---
image_points: !!opencv-matrix
   rows: 54
   cols: 2
   dt: f
   data: [ 1.74475574e+03, 7.36288086e+02, 1.70361450e+03,
       7.37153198e+02, 1.66251685e+03, 7.37973938e+02, 1.62141553e+03,
       7.38823730e+02, 1.58012927e+03, 7.39689636e+02, 1.53870044e+03,
       7.40571716e+02, 1.49736609e+03, 7.41512695e+02, 1.45554626e+03,
       7.42399902e+02, 1.41369434e+03, 7.43263489e+02, 1.74221338e+03,
       6.94473633e+02, 1.70119495e+03, 6.95346741e+02, 1.66021411e+03,
       6.96179016e+02, 1.61921631e+03, 6.96970337e+02, 1.57809485e+03,
       6.97763184e+02, 1.53675793e+03, 6.98646667e+02, 1.49550623e+03,
       6.99515137e+02, 1.45386743e+03, 7.00408020e+02, 1.41217029e+03,
       7.01249512e+02, 1.73946790e+03, 6.52656799e+02, 1.69855847e+03,
       6.53496521e+02, 1.65780774e+03, 6.54371094e+02, 1.61687317e+03,
       6.55166504e+02, 1.57587878e+03, 6.55915527e+02, 1.53478491e+03,
       6.56682861e+02, 1.49363770e+03, 6.57519897e+02, 1.45220068e+03,
       6.58403809e+02, 1.41057568e+03, 6.59174316e+02, 1.73662195e+03,
       6.11332153e+02, 1.69593188e+03, 6.12098999e+02, 1.65536389e+03,
       6.12716736e+02, 1.61458081e+03, 6.13547424e+02, 1.57372314e+03,
       6.14367615e+02, 1.53275964e+03, 6.15081421e+02, 1.49172461e+03,
       6.15757263e+02, 1.45044934e+03, 6.16554626e+02, 1.40895935e+03,
       6.17399475e+02, 1.73368994e+03, 5.70251953e+02, 1.69323438e+03,
       5.70873047e+02, 1.65275696e+03, 5.71577759e+02, 1.61224976e+03,
       5.72345886e+02, 1.57154919e+03, 5.73027649e+02, 1.53067847e+03,
       5.73651611e+02, 1.48982983e+03, 5.74477905e+02, 1.44863672e+03,
       5.75195557e+02, 1.40738611e+03, 5.75771667e+02, 1.73075500e+03,
       5.29230286e+02, 1.69041565e+03, 5.29810486e+02, 1.65017590e+03,
       5.30523132e+02, 1.60972058e+03, 5.31234009e+02, 1.56928735e+03,
       5.31743713e+02, 1.52857837e+03, 5.32487793e+02, 1.48780481e+03,
       5.33177551e+02, 1.44676001e+03, 5.33700928e+02, 1.40560608e+03,
       5.34448608e+02 ]
