%YAML:1.0
---
image_points: !!opencv-matrix
   rows: 54
   cols: 2
   dt: f
   data: [ 1.47838062e+03, 6.62413330e+02, 1.43766284e+03,
       6.61894775e+02, 1.39699268e+03, 6.61524414e+02, 1.35622620e+03,
       6.61145447e+02, 1.31524329e+03, 6.60595886e+02, 1.27412317e+03,
       6.60301880e+02, 1.23288660e+03, 6.59734924e+02, 1.19148779e+03,
       6.59391724e+02, 1.15008069e+03, 6.58841797e+02, 1.47915515e+03,
       6.21345215e+02, 1.43845972e+03, 6.20739380e+02, 1.39768396e+03,
       6.20384827e+02, 1.35683911e+03, 6.19834045e+02, 1.31583398e+03,
       6.19467407e+02, 1.27468518e+03, 6.19008179e+02, 1.23353699e+03,
       6.18524170e+02, 1.19214282e+03, 6.18134766e+02, 1.15056738e+03,
       6.17575439e+02, 1.47975415e+03, 5.79905701e+02, 1.43916052e+03,
       5.79454773e+02, 1.39845020e+03, 5.78905090e+02, 1.35750903e+03,
       5.78471619e+02, 1.31650220e+03, 5.77946167e+02, 1.27539709e+03,
       5.77510559e+02, 1.23422119e+03, 5.77035034e+02, 1.19263904e+03,
       5.76541748e+02, 1.15120740e+03, 5.76135376e+02, 1.48039746e+03,
       5.38630920e+02, 1.43967676e+03, 5.38209717e+02, 1.39902795e+03,
       5.37536682e+02, 1.35815002e+03, 5.37064392e+02, 1.31715076e+03,
       5.36508606e+02, 1.27592810e+03, 5.35992615e+02, 1.23465503e+03,
       5.35525696e+02, 1.19330188e+03, 5.35062805e+02, 1.15165173e+03,
       5.34540771e+02, 1.48076965e+03, 4.97498962e+02, 1.44022021e+03,
       4.96843353e+02, 1.39951282e+03, 4.96351318e+02, 1.35862024e+03,
       4.95613129e+02, 1.31761401e+03, 4.95208374e+02, 1.27647522e+03,
       4.94538910e+02, 1.23533069e+03, 4.94114319e+02, 1.19371289e+03,
       4.93531158e+02, 1.15227966e+03, 4.93142792e+02, 1.48126868e+03,
       4.56195618e+02, 1.44056555e+03, 4.55485077e+02, 1.39990601e+03,
       4.54746674e+02, 1.35913501e+03, 4.54246063e+02, 1.31816809e+03,
       4.53545380e+02, 1.27694751e+03, 4.52998871e+02, 1.23568005e+03,
       4.52471466e+02, 1.19433435e+03, 4.51900696e+02, 1.15267944e+03,
       4.51458191e+02 ]
