%YAML:1.0
---
image_points: !!opencv-matrix
   rows: 54
   cols: 2
   dt: f
   data: [ 8.04171875e+02, 7.75296997e+02, 7.62734680e+02,
       7.76665527e+02, 7.21661316e+02, 7.78180664e+02, 6.80741089e+02,
       7.79525085e+02, 6.40121643e+02, 7.80824341e+02, 5.99557617e+02,
       7.82300842e+02, 5.59374695e+02, 7.83523926e+02, 5.19126892e+02,
       7.84758911e+02, 4.79133118e+02, 7.86162537e+02, 8.02384094e+02,
       7.34029236e+02, 7.60967468e+02, 7.35531128e+02, 7.19850098e+02,
       7.37002014e+02, 6.78909363e+02, 7.38489685e+02, 6.38287292e+02,
       7.39871643e+02, 5.97647644e+02, 7.41380981e+02, 5.57453186e+02,
       7.42644775e+02, 5.17255554e+02, 7.44137451e+02, 4.77281830e+02,
       7.45458008e+02, 8.00580444e+02, 6.92490601e+02, 7.59299316e+02,
       6.94084534e+02, 7.18159302e+02, 6.95576294e+02, 6.77164734e+02,
       6.97220642e+02, 6.36438049e+02, 6.98596619e+02, 5.95858215e+02,
       7.00235352e+02, 5.55607239e+02, 7.01581238e+02, 5.15407349e+02,
       7.03140869e+02, 4.75450409e+02, 7.04514343e+02, 7.98904724e+02,
       6.51065552e+02, 7.57530640e+02, 6.52605286e+02, 7.16411011e+02,
       6.54317261e+02, 6.75438416e+02, 6.55798035e+02, 6.34665100e+02,
       6.57476929e+02, 5.94165100e+02, 6.59016113e+02, 5.53767761e+02,
       6.60547791e+02, 5.13591797e+02, 6.62153687e+02, 4.73589355e+02,
       6.63588623e+02, 7.97324280e+02, 6.09600281e+02, 7.55824646e+02,
       6.11368469e+02, 7.14671509e+02, 6.12958618e+02, 6.73704712e+02,
       6.14565735e+02, 6.32979919e+02, 6.16321289e+02, 5.92410645e+02,
       6.17867615e+02, 5.52123413e+02, 6.19552124e+02, 5.11806427e+02,
       6.21265076e+02, 4.71817688e+02, 6.22755371e+02, 7.95592102e+02,
       5.68067444e+02, 7.54323975e+02, 5.69699036e+02, 7.13159729e+02,
       5.71487061e+02, 6.72151611e+02, 5.73278687e+02, 6.31346069e+02,
       5.74913208e+02, 5.90688171e+02, 5.76616455e+02, 5.50426514e+02,
       5.78445251e+02, 5.10195801e+02, 5.80155396e+02, 4.70153290e+02,
       5.81754822e+02 ]
