%YAML:1.0
---
image_points: !!opencv-matrix
   rows: 54
   cols: 2
   dt: f
   data: [ 1.36360059e+03, 7.82524902e+02, 1.32269434e+03,
       7.83756226e+02, 1.28179077e+03, 7.85109375e+02, 1.24083179e+03,
       7.86389465e+02, 1.19980750e+03, 7.87511658e+02, 1.15877148e+03,
       7.88646484e+02, 1.11775232e+03, 7.89804749e+02, 1.07659570e+03,
       7.90946777e+02, 1.03552466e+03, 7.92070313e+02, 1.36281445e+03,
       7.41716492e+02, 1.32189124e+03, 7.43078857e+02, 1.28098743e+03,
       7.44323120e+02, 1.24000500e+03, 7.45522156e+02, 1.19893030e+03,
       7.46687134e+02, 1.15776270e+03, 7.47929626e+02, 1.11672070e+03,
       7.49157349e+02, 1.07555396e+03, 7.50311035e+02, 1.03441199e+03,
       7.51390503e+02, 1.36202332e+03, 7.00618042e+02, 1.32108289e+03,
       7.01884094e+02, 1.28017883e+03, 7.03244934e+02, 1.23907471e+03,
       7.04445313e+02, 1.19794202e+03, 7.05591309e+02, 1.15677026e+03,
       7.06794983e+02, 1.11567017e+03, 7.08019653e+02, 1.07446838e+03,
       7.09228638e+02, 1.03330615e+03, 7.10364319e+02, 1.36113062e+03,
       6.59554749e+02, 1.32014404e+03, 6.60781616e+02, 1.27920557e+03,
       6.62093262e+02, 1.23811121e+03, 6.63354553e+02, 1.19695361e+03,
       6.64515442e+02, 1.15571216e+03, 6.65647766e+02, 1.11458484e+03,
       6.66889648e+02, 1.07338928e+03, 6.68146973e+02, 1.03209070e+03,
       6.69319641e+02, 1.36005908e+03, 6.18507446e+02, 1.31910498e+03,
       6.19692688e+02, 1.27814783e+03, 6.20932068e+02, 1.23706458e+03,
       6.22228271e+02, 1.19586060e+03, 6.23426086e+02, 1.15462878e+03,
       6.24575378e+02, 1.11354639e+03, 6.25783508e+02, 1.07225085e+03,
       6.27036438e+02, 1.03084692e+03, 6.28291382e+02, 1.35890955e+03,
       5.77270996e+02, 1.31793567e+03, 5.78441101e+02, 1.27700464e+03,
       5.79577026e+02, 1.23589539e+03, 5.80765381e+02, 1.19473523e+03,
       5.82123108e+02, 1.15356750e+03, 5.83357849e+02, 1.11240906e+03,
       5.84518372e+02, 1.07103687e+03, 5.85701233e+02, 1.02966016e+03,
       5.87010681e+02 ]
