%YAML:1.0
---
image_points: !!opencv-matrix
   rows: 54
   cols: 2
   dt: f
   data: [ 6.46281189e+02, 5.19913879e+02, 6.05588013e+02,
       5.23624878e+02, 5.65394531e+02, 5.27451294e+02, 5.25404907e+02,
       5.31224792e+02, 4.85681549e+02, 5.34820557e+02, 4.46367371e+02,
       5.38542603e+02, 4.07302094e+02, 5.42300842e+02, 3.68231201e+02,
       5.45891235e+02, 3.29388275e+02, 5.49557434e+02, 6.43319214e+02,
       4.78811401e+02, 6.02671631e+02, 4.82677185e+02, 5.62523315e+02,
       4.86528137e+02, 5.22586792e+02, 4.90399170e+02, 4.82997803e+02,
       4.94280121e+02, 4.43608307e+02, 4.98065430e+02, 4.04596008e+02,
       5.01778046e+02, 3.65621185e+02, 5.05609406e+02, 3.26941559e+02,
       5.09426483e+02, 6.40391846e+02, 4.37675568e+02, 5.99880310e+02,
       4.41628387e+02, 5.59715515e+02, 4.45586212e+02, 5.19845703e+02,
       4.49553589e+02, 4.80356262e+02, 4.53502380e+02, 4.41077209e+02,
       4.57467468e+02, 4.02116180e+02, 4.61370941e+02, 3.63227448e+02,
       4.65334717e+02, 3.24557922e+02, 4.69180145e+02, 6.37564514e+02,
       3.96888580e+02, 5.97178772e+02, 4.00893341e+02, 5.57098389e+02,
       4.04900604e+02, 5.17287048e+02, 4.09003052e+02, 4.77742279e+02,
       4.13063354e+02, 4.38496094e+02, 4.17066437e+02, 3.99531555e+02,
       4.21123688e+02, 3.60692047e+02, 4.25099915e+02, 3.22138367e+02,
       4.29115540e+02, 6.34794739e+02, 3.56401184e+02, 5.94468933e+02,
       3.60483582e+02, 5.54439514e+02, 3.64534088e+02, 5.14638062e+02,
       3.68597839e+02, 4.75235199e+02, 3.72717865e+02, 4.35987091e+02,
       3.76854675e+02, 3.97108704e+02, 3.80998230e+02, 3.58290802e+02,
       3.85156708e+02, 3.19670837e+02, 3.89229248e+02, 6.32146973e+02,
       3.15830292e+02, 5.91824219e+02, 3.20036377e+02, 5.51857422e+02,
       3.24264771e+02, 5.12208923e+02, 3.28380096e+02, 4.72686066e+02,
       3.32547791e+02, 4.33507904e+02, 3.36698792e+02, 3.94653198e+02,
       3.40912933e+02, 3.55806244e+02, 3.45131866e+02, 3.17298889e+02,
       3.49350616e+02 ]
