%YAML:1.0
---
image_points: !!opencv-matrix
   rows: 54
   cols: 2
   dt: f
   data: [ 1.09271826e+03, 7.10535400e+02, 1.04928503e+03,
       7.11490906e+02, 1.00584656e+03, 7.12398865e+02, 9.62646240e+02,
       7.13318848e+02, 9.19617798e+02, 7.14122925e+02, 8.76743774e+02,
       7.14897278e+02, 8.34280640e+02, 7.15687439e+02, 7.91615295e+02,
       7.16496643e+02, 7.49449036e+02, 7.17301086e+02, 1.09171509e+03,
       6.67342529e+02, 1.04827954e+03, 6.68322693e+02, 1.00483209e+03,
       6.69275024e+02, 9.61625854e+02, 6.70240112e+02, 9.18606445e+02,
       6.71177307e+02, 8.75687561e+02, 6.72079590e+02, 8.33235718e+02,
       6.72914734e+02, 7.90603271e+02, 6.73792236e+02, 7.48447083e+02,
       6.74625916e+02, 1.09064734e+03, 6.23724121e+02, 1.04726575e+03,
       6.24774170e+02, 1.00381311e+03, 6.25801758e+02, 9.60605713e+02,
       6.26850220e+02, 9.17594177e+02, 6.27853516e+02, 8.74720703e+02,
       6.28896790e+02, 8.32244202e+02, 6.29900452e+02, 7.89630615e+02,
       6.30894348e+02, 7.47446533e+02, 6.31878662e+02, 1.08962219e+03,
       5.80469971e+02, 1.04619080e+03, 5.81525146e+02, 1.00279126e+03,
       5.82567383e+02, 9.59598816e+02, 5.83637756e+02, 9.16609802e+02,
       5.84759338e+02, 8.73708374e+02, 5.85854309e+02, 8.31226990e+02,
       5.87040894e+02, 7.88622742e+02, 5.88157654e+02, 7.46411011e+02,
       5.89270569e+02, 1.08852136e+03, 5.37287292e+02, 1.04509937e+03,
       5.38387512e+02, 1.00171179e+03, 5.39488586e+02, 9.58598206e+02,
       5.40585815e+02, 9.15582947e+02, 5.41713501e+02, 8.72705627e+02,
       5.42978943e+02, 8.30270142e+02, 5.44252197e+02, 7.87631775e+02,
       5.45427246e+02, 7.45418640e+02, 5.46569031e+02, 1.08740662e+03,
       4.93814056e+02, 1.04394714e+03, 4.95056183e+02, 1.00069086e+03,
       4.96305237e+02, 9.57567749e+02, 4.97461945e+02, 9.14588013e+02,
       4.98642944e+02, 8.71737244e+02, 4.99913208e+02, 8.29270447e+02,
       5.01304047e+02, 7.86647278e+02, 5.02501434e+02, 7.44432983e+02,
       5.03785492e+02 ]
