%YAML:1.0
---
image_points: !!opencv-matrix
   rows: 54
   cols: 2
   dt: f
   data: [ 1.06708740e+03, 1.10878357e+03, 1.02794958e+03,
       1.10713928e+03, 9.88985474e+02, 1.10530164e+03, 9.50080750e+02,
       1.10340088e+03, 9.11224365e+02, 1.10140015e+03, 8.72375671e+02,
       1.09933618e+03, 8.33612000e+02, 1.09725659e+03, 7.94802490e+02,
       1.09497583e+03, 7.56263000e+02, 1.09268762e+03, 1.06911218e+03,
       1.07138440e+03, 1.02982227e+03, 1.06958289e+03, 9.90719788e+02,
       1.06773120e+03, 9.51692932e+02, 1.06587476e+03, 9.12664490e+02,
       1.06389771e+03, 8.73709106e+02, 1.06187268e+03, 8.34925903e+02,
       1.05972534e+03, 7.96089050e+02, 1.05758350e+03, 7.57368958e+02,
       1.05533582e+03, 1.07111084e+03, 1.03340723e+03, 1.03172290e+03,
       1.03159753e+03, 9.92572571e+02, 1.02980579e+03, 9.53403320e+02,
       1.02798645e+03, 9.14323608e+02, 1.02603479e+03, 8.75282715e+02,
       1.02408228e+03, 8.36335999e+02, 1.02193451e+03, 7.97351563e+02,
       1.01975177e+03, 7.58478149e+02, 1.01754742e+03, 1.07313733e+03,
       9.95289673e+02, 1.03365601e+03, 9.93542725e+02, 9.94413696e+02,
       9.91694092e+02, 9.55097778e+02, 9.89902832e+02, 9.15804688e+02,
       9.88039490e+02, 8.76642456e+02, 9.86033508e+02, 8.37587158e+02,
       9.83994080e+02, 7.98521118e+02, 9.81793701e+02, 7.59529480e+02,
       9.79648071e+02, 1.07511255e+03, 9.56873474e+02, 1.03555066e+03,
       9.55256165e+02, 9.96238892e+02, 9.53496948e+02, 9.56708496e+02,
       9.51669678e+02, 9.17456421e+02, 9.49775940e+02, 8.78189148e+02,
       9.47823792e+02, 8.38968262e+02, 9.45860535e+02, 7.99669189e+02,
       9.43767578e+02, 7.60606873e+02, 9.41651001e+02, 1.07710095e+03,
       9.18221008e+02, 1.03748193e+03, 9.16507690e+02, 9.97964233e+02,
       9.14746460e+02, 9.58493652e+02, 9.13064575e+02, 9.19033630e+02,
       9.11279297e+02, 8.79600891e+02, 9.09364502e+02, 8.40375793e+02,
       9.07404968e+02, 8.00980042e+02, 9.05385132e+02, 7.61715393e+02,
       9.03352112e+02 ]
