%YAML:1.0
---
image_points: !!opencv-matrix
   rows: 54
   cols: 2
   dt: f
   data: [ 1.25404700e+03, 3.55730194e+02, 1.20855176e+03,
       3.56591064e+02, 1.16314087e+03, 3.57532349e+02, 1.11751416e+03,
       3.58441620e+02, 1.07184497e+03, 3.59458679e+02, 1.02633801e+03,
       3.60476837e+02, 9.80684265e+02, 3.61535339e+02, 9.35080444e+02,
       3.62660919e+02, 8.89421509e+02, 3.63827820e+02, 1.25053711e+03,
       3.15116943e+02, 1.20550696e+03, 3.15863495e+02, 1.16051208e+03,
       3.16678680e+02, 1.11541211e+03, 3.17596100e+02, 1.07034314e+03,
       3.18554565e+02, 1.02516162e+03, 3.19645569e+02, 9.80105652e+02,
       3.20731506e+02, 9.34763184e+02, 3.21968872e+02, 8.89703430e+02,
       3.23210175e+02, 1.24697852e+03, 2.75033234e+02, 1.20248145e+03,
       2.75793213e+02, 1.15784351e+03, 2.76564667e+02, 1.11331396e+03,
       2.77452515e+02, 1.06857117e+03, 2.78454620e+02, 1.02390009e+03,
       2.79488892e+02, 9.79404724e+02, 2.80562073e+02, 9.34616577e+02,
       2.81712769e+02, 8.89981445e+02, 2.83082184e+02, 1.24351917e+03,
       2.35992157e+02, 1.19945801e+03, 2.36644562e+02, 1.15539648e+03,
       2.37432007e+02, 1.11125696e+03, 2.38307739e+02, 1.06706567e+03,
       2.39299591e+02, 1.02270825e+03, 2.40237625e+02, 9.78623474e+02,
       2.41341217e+02, 9.34420227e+02, 2.42437347e+02, 8.90342163e+02,
       2.43558060e+02, 1.24007483e+03, 1.97827820e+02, 1.19645691e+03,
       1.98479034e+02, 1.15275452e+03, 1.99212097e+02, 1.10921765e+03,
       1.99846252e+02, 1.06546472e+03, 2.00739059e+02, 1.02162439e+03,
       2.01712219e+02, 9.78043518e+02, 2.02733505e+02, 9.34298340e+02,
       2.03871078e+02, 8.90505798e+02, 2.05144089e+02, 1.23659058e+03,
       1.60369263e+02, 1.19347119e+03, 1.60930542e+02, 1.15038232e+03,
       1.61556915e+02, 1.10714502e+03, 1.62299286e+02, 1.06379578e+03,
       1.63109879e+02, 1.02055347e+03, 1.63957092e+02, 9.77423157e+02,
       1.64987915e+02, 9.33968750e+02, 1.66088318e+02, 8.90665955e+02,
       1.67298630e+02 ]
