%YAML:1.0
---
image_points: !!opencv-matrix
   rows: 54
   cols: 2
   dt: f
   data: [ 1.13174426e+03, 1.11283362e+03, 1.09263733e+03,
       1.11174426e+03, 1.05362366e+03, 1.11056067e+03, 1.01458301e+03,
       1.10938818e+03, 9.75547607e+02, 1.10793054e+03, 9.36522766e+02,
       1.10654248e+03, 8.97571045e+02, 1.10505005e+03, 8.58498352e+02,
       1.10346765e+03, 8.19540405e+02, 1.10175586e+03, 1.13345923e+03,
       1.07483289e+03, 1.09429077e+03, 1.07369971e+03, 1.05521606e+03,
       1.07255627e+03, 1.01606549e+03, 1.07136047e+03, 9.76875610e+02,
       1.06995093e+03, 9.37733032e+02, 1.06854419e+03, 8.98710876e+02,
       1.06706665e+03, 8.59601318e+02, 1.06549219e+03, 8.20550110e+02,
       1.06378369e+03, 1.13510071e+03, 1.03646216e+03, 1.09578027e+03,
       1.03534961e+03, 1.05664258e+03, 1.03420959e+03, 1.01746777e+03,
       1.03288538e+03, 9.78325623e+02, 1.03155347e+03, 9.39113342e+02,
       1.03024463e+03, 8.99962402e+02, 1.02865771e+03, 8.60711365e+02,
       1.02719666e+03, 8.21625122e+02, 1.02551245e+03, 1.13665430e+03,
       9.97897522e+02, 1.09742419e+03, 9.96788391e+02, 1.05822900e+03,
       9.95606873e+02, 1.01883331e+03, 9.94432495e+02, 9.79595520e+02,
       9.93145142e+02, 9.40407898e+02, 9.91685364e+02, 9.01239136e+02,
       9.90334290e+02, 8.61855164e+02, 9.88678284e+02, 8.22628296e+02,
       9.87166931e+02, 1.13834692e+03, 9.59337341e+02, 1.09888647e+03,
       9.58213379e+02, 1.05960461e+03, 9.57065613e+02, 1.02038080e+03,
       9.55772705e+02, 9.80981506e+02, 9.54538452e+02, 9.41593628e+02,
       9.53226257e+02, 9.02418884e+02, 9.51719849e+02, 8.63027039e+02,
       9.50286804e+02, 8.23702759e+02, 9.48646729e+02, 1.13979163e+03,
       9.20347839e+02, 1.10048657e+03, 9.19277527e+02, 1.06120544e+03,
       9.18103516e+02, 1.02169177e+03, 9.16862305e+02, 9.82394897e+02,
       9.15620728e+02, 9.42929749e+02, 9.14367676e+02, 9.03583862e+02,
       9.12891418e+02, 8.64231934e+02, 9.11469177e+02, 8.24765442e+02,
       9.09901917e+02 ]
