%YAML:1.0
---
image_points: !!opencv-matrix
   rows: 54
   cols: 2
   dt: f
   data: [ 1.03140637e+03, 3.45291321e+02, 9.86322205e+02,
       3.59118866e+02, 9.40603271e+02, 3.73238007e+02, 8.94281738e+02,
       3.87585815e+02, 8.47353882e+02, 4.02248383e+02, 7.99744385e+02,
       4.17211853e+02, 7.51750488e+02, 4.32351715e+02, 7.03011841e+02,
       4.47745667e+02, 6.53830566e+02, 4.63443481e+02, 1.02125897e+03,
       2.98587799e+02, 9.75461670e+02, 3.12248718e+02, 9.29073914e+02,
       3.26132568e+02, 8.82060364e+02, 3.40389740e+02, 8.34388611e+02,
       3.54854828e+02, 7.86092712e+02, 3.69719025e+02, 7.37333191e+02,
       3.84728699e+02, 6.87808533e+02, 4.00184540e+02, 6.37856079e+02,
       4.15712311e+02, 1.01074994e+03, 2.50508316e+02, 9.64323425e+02,
       2.63860992e+02, 9.17299561e+02, 2.77646545e+02, 8.69458618e+02,
       2.91709961e+02, 8.21114929e+02, 3.06098785e+02, 7.72065735e+02,
       3.20789246e+02, 7.22525024e+02, 3.35725677e+02, 6.72267883e+02,
       3.51024292e+02, 6.21497681e+02, 3.66550323e+02, 1.00015088e+03,
       2.01410751e+02, 9.52915833e+02, 2.14632431e+02, 9.05239136e+02,
       2.28182999e+02, 8.56664001e+02, 2.42069275e+02, 8.07563782e+02,
       2.56276031e+02, 7.57750366e+02, 2.70720215e+02, 7.07455261e+02,
       2.85609863e+02, 6.56423401e+02, 3.00773529e+02, 6.04823914e+02,
       3.16304932e+02, 9.89201782e+02, 1.51270782e+02, 9.41353577e+02,
       1.64253662e+02, 8.92880310e+02, 1.77557175e+02, 8.43673828e+02,
       1.91271927e+02, 7.93800598e+02, 2.05294266e+02, 7.43246460e+02,
       2.19593002e+02, 6.92214966e+02, 2.34353546e+02, 6.40284485e+02,
       2.49391479e+02, 5.87860718e+02, 2.64769470e+02, 9.77949402e+02,
       9.96795502e+01, 9.29425293e+02, 1.12435478e+02, 8.80306091e+02,
       1.25482552e+02, 8.30367615e+02, 1.38977615e+02, 7.79684509e+02,
       1.52832458e+02, 7.28387878e+02, 1.67013535e+02, 6.76452515e+02,
       1.81569473e+02, 6.23692749e+02, 1.96516617e+02, 5.70479126e+02,
       2.11743057e+02 ]
