%YAML:1.0
---
image_points: !!opencv-matrix
   rows: 54
   cols: 2
   dt: f
   data: [ 6.69799377e+02, 7.72780701e+02, 6.29302795e+02,
       7.75427124e+02, 5.89225586e+02, 7.77891296e+02, 5.49307617e+02,
       7.80468018e+02, 5.09658173e+02, 7.82831116e+02, 4.70410278e+02,
       7.85391541e+02, 4.31389038e+02, 7.87677856e+02, 3.92432892e+02,
       7.90227722e+02, 3.53705170e+02, 7.92539307e+02, 6.66555603e+02,
       7.31831604e+02, 6.26011597e+02, 7.34540222e+02, 5.85805786e+02,
       7.37250305e+02, 5.45889954e+02, 7.39734192e+02, 5.06333527e+02,
       7.42419189e+02, 4.66997101e+02, 7.44903076e+02, 4.28001648e+02,
       7.47482422e+02, 3.89098755e+02, 7.50006653e+02, 3.50406738e+02,
       7.52500122e+02, 6.63357239e+02, 6.90567200e+02, 6.22766296e+02,
       6.93419922e+02, 5.82538269e+02, 6.96177612e+02, 5.42575256e+02,
       6.98806885e+02, 5.03024658e+02, 7.01533508e+02, 4.63640991e+02,
       7.04343262e+02, 4.24621582e+02, 7.06837158e+02, 3.85693848e+02,
       7.09537964e+02, 3.47116974e+02, 7.12232483e+02, 6.60228943e+02,
       6.49408508e+02, 6.19580322e+02, 6.52295654e+02, 5.79376587e+02,
       6.55154663e+02, 5.39399353e+02, 6.57909851e+02, 4.99742828e+02,
       6.60714233e+02, 4.60389374e+02, 6.63543030e+02, 4.21336365e+02,
       6.66418762e+02, 3.82398468e+02, 6.69164185e+02, 3.43670776e+02,
       6.71827332e+02, 6.57167236e+02, 6.08206055e+02, 6.16464539e+02,
       6.11191223e+02, 5.76248657e+02, 6.14144714e+02, 5.36239014e+02,
       6.17065063e+02, 4.96535217e+02, 6.20001648e+02, 4.57155762e+02,
       6.22870972e+02, 4.18063416e+02, 6.25774353e+02, 3.79103546e+02,
       6.28672485e+02, 3.40390717e+02, 6.31581970e+02, 6.54037109e+02,
       5.66626099e+02, 6.13456299e+02, 5.69726440e+02, 5.73174377e+02,
       5.72816040e+02, 5.33140869e+02, 5.75929504e+02, 4.93397675e+02,
       5.79063599e+02, 4.53917633e+02, 5.82129700e+02, 4.14840576e+02,
       5.85209167e+02, 3.75776154e+02, 5.88200562e+02, 3.37080353e+02,
       5.91226990e+02 ]
