%YAML:1.0
---
image_points: !!opencv-matrix
   rows: 54
   cols: 2
   dt: f
   data: [ 1.63275549e+03, 9.80581421e+02, 1.59550220e+03,
       9.81060425e+02, 1.55820398e+03, 9.81459229e+02, 1.52072229e+03,
       9.81836182e+02, 1.48322107e+03, 9.82328491e+02, 1.44549023e+03,
       9.82649109e+02, 1.40762329e+03, 9.83148926e+02, 1.36949939e+03,
       9.83455139e+02, 1.33129810e+03, 9.83730103e+02, 1.63374707e+03,
       9.42785583e+02, 1.59650000e+03, 9.43235413e+02, 1.55921875e+03,
       9.43528809e+02, 1.52175037e+03, 9.43983582e+02, 1.48423206e+03,
       9.44399902e+02, 1.44643542e+03, 9.44705688e+02, 1.40853870e+03,
       9.45099121e+02, 1.37041736e+03, 9.45421753e+02, 1.33204700e+03,
       9.45635498e+02, 1.63469226e+03, 9.04658325e+02, 1.59745569e+03,
       9.05045227e+02, 1.56023901e+03, 9.05446899e+02, 1.52267456e+03,
       9.05710938e+02, 1.48513062e+03, 9.06155762e+02, 1.44738977e+03,
       9.06478760e+02, 1.40947510e+03, 9.06680115e+02, 1.37127075e+03,
       9.06977356e+02, 1.33280627e+03, 9.07281006e+02, 1.63556384e+03,
       8.66557312e+02, 1.59838208e+03, 8.66863098e+02, 1.56111230e+03,
       8.67246277e+02, 1.52361841e+03, 8.67509888e+02, 1.48601941e+03,
       8.67749084e+02, 1.44826770e+03, 8.68134216e+02, 1.41035278e+03,
       8.68381348e+02, 1.37209045e+03, 8.68512756e+02, 1.33362292e+03,
       8.68673645e+02, 1.63635791e+03, 8.28434753e+02, 1.59919104e+03,
       8.28652405e+02, 1.56190649e+03, 8.28929199e+02, 1.52450085e+03,
       8.29257690e+02, 1.48687170e+03, 8.29484985e+02, 1.44911304e+03,
       8.29643005e+02, 1.41123157e+03, 8.29857422e+02, 1.37284509e+03,
       8.30090393e+02, 1.33444824e+03, 8.30288818e+02, 1.63713416e+03,
       7.90033081e+02, 1.59988428e+03, 7.90282166e+02, 1.56268311e+03,
       7.90460510e+02, 1.52532935e+03, 7.90617126e+02, 1.48767786e+03,
       7.90801697e+02, 1.44990527e+03, 7.91063232e+02, 1.41194189e+03,
       7.91249329e+02, 1.37363196e+03, 7.91356812e+02, 1.33525208e+03,
       7.91437866e+02 ]
