%YAML:1.0
---
image_points: !!opencv-matrix
   rows: 54
   cols: 2
   dt: f
   data: [ 1.47870557e+03, 5.47375366e+02, 1.43588086e+03,
       5.48107605e+02, 1.39301135e+03, 5.48724365e+02, 1.35003711e+03,
       5.49552673e+02, 1.30685498e+03, 5.50396179e+02, 1.26361987e+03,
       5.51198669e+02, 1.22043152e+03, 5.51960571e+02, 1.17683923e+03,
       5.52733215e+02, 1.13341333e+03, 5.53619934e+02, 1.47805554e+03,
       5.04203369e+02, 1.43519141e+03, 5.04738800e+02, 1.39230505e+03,
       5.05491455e+02, 1.34930554e+03, 5.06298615e+02, 1.30619287e+03,
       5.07024872e+02, 1.26280542e+03, 5.07751343e+02, 1.21956897e+03,
       5.08586121e+02, 1.17608813e+03, 5.09476654e+02, 1.13251501e+03,
       5.10367767e+02, 1.47725708e+03, 4.60617615e+02, 1.43436707e+03,
       4.61387543e+02, 1.39149756e+03, 4.62021820e+02, 1.34843970e+03,
       4.62644623e+02, 1.30530334e+03, 4.63470276e+02, 1.26203784e+03,
       4.64325165e+02, 1.21869604e+03, 4.65088501e+02, 1.17525366e+03,
       4.65847900e+02, 1.13162781e+03, 4.66703552e+02, 1.47630896e+03,
       4.17436676e+02, 1.43344116e+03, 4.18016174e+02, 1.39054053e+03,
       4.18567749e+02, 1.34750854e+03, 4.19371918e+02, 1.30440979e+03,
       4.20047699e+02, 1.26116943e+03, 4.20711121e+02, 1.21777197e+03,
       4.21557251e+02, 1.17434998e+03, 4.22445038e+02, 1.13069714e+03,
       4.23349243e+02, 1.47523621e+03, 3.74292938e+02, 1.43238794e+03,
       3.74733490e+02, 1.38952490e+03, 3.75416626e+02, 1.34652271e+03,
       3.76012543e+02, 1.30345386e+03, 3.76645905e+02, 1.26021033e+03,
       3.77455872e+02, 1.21686182e+03, 3.78318207e+02, 1.17341589e+03,
       3.79133392e+02, 1.12977063e+03, 3.79989594e+02, 1.47411206e+03,
       3.30884827e+02, 1.43128711e+03, 3.31488922e+02, 1.38846191e+03,
       3.32060669e+02, 1.34547278e+03, 3.32589722e+02, 1.30240991e+03,
       3.33373810e+02, 1.25921863e+03, 3.34052399e+02, 1.21587781e+03,
       3.34754578e+02, 1.17244958e+03, 3.35617920e+02, 1.12883374e+03,
       3.36549530e+02 ]
