%YAML:1.0
---
image_points: !!opencv-matrix
   rows: 54
   cols: 2
   dt: f
   data: [ 1.00436810e+03, 9.85285522e+02, 9.64154602e+02,
       9.85397156e+02, 9.24032959e+02, 9.85414307e+02, 8.84025574e+02,
       9.85388733e+02, 8.44123840e+02, 9.85275757e+02, 8.04315857e+02,
       9.85058594e+02, 7.64573425e+02, 9.84758240e+02, 7.24796814e+02,
       9.84501953e+02, 6.85351196e+02, 9.84204956e+02, 1.00423401e+03,
       9.45384277e+02, 9.63899841e+02, 9.45479614e+02, 9.23817505e+02,
       9.45511780e+02, 8.83812805e+02, 9.45517029e+02, 8.43925659e+02,
       9.45444641e+02, 8.04153809e+02, 9.45346069e+02, 7.64470093e+02,
       9.45103821e+02, 7.24715576e+02, 9.44777100e+02, 6.85291321e+02,
       9.44493774e+02, 1.00399023e+03, 9.05231628e+02, 9.63762329e+02,
       9.05362732e+02, 9.23689270e+02, 9.05434509e+02, 8.83669739e+02,
       9.05458008e+02, 8.43756104e+02, 9.05407410e+02, 8.03983337e+02,
       9.05345520e+02, 7.64389404e+02, 9.05174500e+02, 7.24635071e+02,
       9.04867371e+02, 6.85250854e+02, 9.04592407e+02, 1.00380347e+03,
       8.65135315e+02, 9.63631470e+02, 8.65310608e+02, 9.23582458e+02,
       8.65377808e+02, 8.83579712e+02, 8.65429260e+02, 8.43662842e+02,
       8.65453491e+02, 8.03831970e+02, 8.65393372e+02, 7.64298096e+02,
       8.65285950e+02, 7.24574463e+02, 8.65097778e+02, 6.85158508e+02,
       8.64784180e+02, 1.00363458e+03, 8.25071472e+02, 9.63500671e+02,
       8.25284973e+02, 9.23492432e+02, 8.25427307e+02, 8.83505493e+02,
       8.25468445e+02, 8.43585449e+02, 8.25496826e+02, 8.03732239e+02,
       8.25498413e+02, 7.64250366e+02, 8.25451050e+02, 7.24513184e+02,
       8.25352173e+02, 6.85094299e+02, 8.25201599e+02, 1.00348163e+03,
       7.84781799e+02, 9.63419617e+02, 7.85070435e+02, 9.23414734e+02,
       7.85269958e+02, 8.83437683e+02, 7.85382446e+02, 8.43505371e+02,
       7.85453247e+02, 8.03691406e+02, 7.85479309e+02, 7.64181335e+02,
       7.85469971e+02, 7.24493530e+02, 7.85425293e+02, 6.85046387e+02,
       7.85357666e+02 ]
