%YAML:1.0
---
image_points: !!opencv-matrix
   rows: 54
   cols: 2
   dt: f
   data: [ 6.86435852e+02, 3.11771667e+02, 6.43684692e+02,
       3.14845154e+02, 6.01480652e+02, 3.18018250e+02, 5.59486023e+02,
       3.21178284e+02, 5.17794434e+02, 3.24309387e+02, 4.76474701e+02,
       3.27488434e+02, 4.35446747e+02, 3.30606323e+02, 3.94498444e+02,
       3.33757751e+02, 3.53831970e+02, 3.36969696e+02, 6.85487549e+02,
       2.70410187e+02, 6.43015808e+02, 2.73511230e+02, 6.00886902e+02,
       2.76650726e+02, 5.59112427e+02, 2.79825165e+02, 5.17563843e+02,
       2.83212067e+02, 4.76364990e+02, 2.86436462e+02, 4.35468262e+02,
       2.89648651e+02, 3.94616791e+02, 2.92922180e+02, 3.54211700e+02,
       2.96299072e+02, 6.84539978e+02, 2.29157913e+02, 6.42367859e+02,
       2.32415939e+02, 6.00406738e+02, 2.35559341e+02, 5.58650513e+02,
       2.38830475e+02, 5.17382751e+02, 2.42270035e+02, 4.76307190e+02,
       2.45535141e+02, 4.35492554e+02, 2.48808243e+02, 3.94799866e+02,
       2.52292450e+02, 3.54456543e+02, 2.55560089e+02, 6.83730469e+02,
       1.88516006e+02, 6.41615051e+02, 1.91706085e+02, 5.99867432e+02,
       1.95026871e+02, 5.58408264e+02, 1.98391754e+02, 5.17223450e+02,
       2.01674530e+02, 4.76232758e+02, 2.05087494e+02, 4.35501862e+02,
       2.08490829e+02, 3.94900757e+02, 2.11802994e+02, 3.54591888e+02,
       2.15273575e+02, 6.82996155e+02, 1.48427185e+02, 6.41065979e+02,
       1.51643585e+02, 5.99435974e+02, 1.54911865e+02, 5.58043274e+02,
       1.58276093e+02, 5.16924866e+02, 1.61582870e+02, 4.76122742e+02,
       1.65059113e+02, 4.35522186e+02, 1.68447342e+02, 3.95061493e+02,
       1.71821793e+02, 3.54748871e+02, 1.75292938e+02, 6.82246094e+02,
       1.08528389e+02, 6.40449524e+02, 1.11769569e+02, 5.98979553e+02,
       1.15137283e+02, 5.57703064e+02, 1.18424812e+02, 5.16733154e+02,
       1.21744728e+02, 4.76039856e+02, 1.25215256e+02, 4.35573242e+02,
       1.28622665e+02, 3.95174896e+02, 1.32062775e+02, 3.54902130e+02,
       1.35508896e+02 ]
