%YAML:1.0
---
image_points: !!opencv-matrix
   rows: 54
   cols: 2
   dt: f
   data: [ 1.28137610e+03, 8.06770020e+02, 1.24079871e+03,
       8.07384338e+02, 1.20033167e+03, 8.07762268e+02, 1.15957861e+03,
       8.08332031e+02, 1.11872412e+03, 8.08639404e+02, 1.07779761e+03,
       8.09069885e+02, 1.03686682e+03, 8.09444092e+02, 9.95658325e+02,
       8.09657166e+02, 9.54516846e+02, 8.09998657e+02, 1.28158447e+03,
       7.66410706e+02, 1.24106982e+03, 7.66757324e+02, 1.20046399e+03,
       7.67293884e+02, 1.15967273e+03, 7.67632629e+02, 1.11878137e+03,
       7.68083801e+02, 1.07774280e+03, 7.68444519e+02, 1.03674182e+03,
       7.68655884e+02, 9.95545227e+02, 7.68994507e+02, 9.54305298e+02,
       7.69310364e+02, 1.28175928e+03, 7.25535034e+02, 1.24125024e+03,
       7.25910095e+02, 1.20058813e+03, 7.26394836e+02, 1.15969165e+03,
       7.26643677e+02, 1.11875757e+03, 7.27093689e+02, 1.07770972e+03,
       7.27424194e+02, 1.03665088e+03, 7.27628052e+02, 9.95407593e+02,
       7.27894958e+02, 9.54100281e+02, 7.28232239e+02, 1.28185730e+03,
       6.84672668e+02, 1.24134875e+03, 6.85146606e+02, 1.20062207e+03,
       6.85406555e+02, 1.15973389e+03, 6.85657959e+02, 1.11876575e+03,
       6.86027466e+02, 1.07766748e+03, 6.86325256e+02, 1.03653137e+03,
       6.86562988e+02, 9.95283020e+02, 6.86750488e+02, 9.53807983e+02,
       6.87066101e+02, 1.28191125e+03, 6.43816162e+02, 1.24135889e+03,
       6.44213684e+02, 1.20062109e+03, 6.44459229e+02, 1.15974670e+03,
       6.44637329e+02, 1.11873010e+03, 6.44940063e+02, 1.07757837e+03,
       6.45287048e+02, 1.03647034e+03, 6.45479370e+02, 9.95081482e+02,
       6.45625610e+02, 9.53604980e+02, 6.45867920e+02, 1.28187732e+03,
       6.02705444e+02, 1.24133557e+03, 6.02989868e+02, 1.20060693e+03,
       6.03289795e+02, 1.15969934e+03, 6.03464539e+02, 1.11865601e+03,
       6.03618225e+02, 1.07752063e+03, 6.03843933e+02, 1.03636133e+03,
       6.04177490e+02, 9.94859924e+02, 6.04387695e+02, 9.53451721e+02,
       6.04534668e+02 ]
