%YAML:1.0
---
image_points: !!opencv-matrix
   rows: 54
   cols: 2
   dt: f
   data: [ 1.49159363e+03, 1.06367236e+03, 1.45397534e+03,
       1.06455701e+03, 1.41640417e+03, 1.06541309e+03, 1.37874622e+03,
       1.06623206e+03, 1.34115698e+03, 1.06690344e+03, 1.30336182e+03,
       1.06762354e+03, 1.26555371e+03, 1.06834900e+03, 1.22752527e+03,
       1.06888257e+03, 1.18956360e+03, 1.06948230e+03, 1.49137036e+03,
       1.02616321e+03, 1.45371631e+03, 1.02699377e+03, 1.41622913e+03,
       1.02775781e+03, 1.37857776e+03, 1.02860291e+03, 1.34084009e+03,
       1.02941394e+03, 1.30311047e+03, 1.03016956e+03, 1.26535474e+03,
       1.03072961e+03, 1.22735046e+03, 1.03145020e+03, 1.18930896e+03,
       1.03189514e+03, 1.49102393e+03, 9.88305786e+02, 1.45347180e+03,
       9.89165283e+02, 1.41597925e+03, 9.90008301e+02, 1.37835107e+03,
       9.90796326e+02, 1.34058398e+03, 9.91579224e+02, 1.30279382e+03,
       9.92385803e+02, 1.26508716e+03, 9.93010742e+02, 1.22706287e+03,
       9.93596619e+02, 1.18899731e+03, 9.94225464e+02, 1.49060632e+03,
       9.50457092e+02, 1.45321460e+03, 9.51389343e+02, 1.41561926e+03,
       9.52232300e+02, 1.37807593e+03, 9.53076050e+02, 1.34040222e+03,
       9.53753296e+02, 1.30258240e+03, 9.54530701e+02, 1.26472046e+03,
       9.55287720e+02, 1.22670154e+03, 9.55808289e+02, 1.18863086e+03,
       9.56436951e+02, 1.49023889e+03, 9.12649658e+02, 1.45271643e+03,
       9.13534302e+02, 1.41533435e+03, 9.14455383e+02, 1.37770447e+03,
       9.15286804e+02, 1.34011780e+03, 9.16086792e+02, 1.30233838e+03,
       9.16727661e+02, 1.26451318e+03, 9.17504517e+02, 1.22645923e+03,
       9.18172302e+02, 1.18841321e+03, 9.18661316e+02, 1.48971619e+03,
       8.74657471e+02, 1.45234460e+03, 8.75560669e+02, 1.41486865e+03,
       8.76459534e+02, 1.37739465e+03, 8.77334351e+02, 1.33967651e+03,
       8.78118408e+02, 1.30195459e+03, 8.78770081e+02, 1.26418298e+03,
       8.79500977e+02, 1.22617468e+03, 8.80211487e+02, 1.18809351e+03,
       8.80715576e+02 ]
