%YAML:1.0
---
image_points: !!opencv-matrix
   rows: 54
   cols: 2
   dt: f
   data: [ 1.83922644e+03, 3.33519653e+02, 1.79372705e+03,
       3.37338226e+02, 1.74865479e+03, 3.41073364e+02, 1.70385974e+03,
       3.44648468e+02, 1.65926770e+03, 3.48385742e+02, 1.61469250e+03,
       3.51949738e+02, 1.57041418e+03, 3.55581299e+02, 1.52592322e+03,
       3.59301361e+02, 1.48159851e+03, 3.62834595e+02, 1.83082617e+03,
       2.92511322e+02, 1.78568970e+03, 2.96413391e+02, 1.74094067e+03,
       3.00180023e+02, 1.69647705e+03, 3.03809509e+02, 1.65221692e+03,
       3.07549713e+02, 1.60794226e+03, 3.11305481e+02, 1.56396021e+03,
       3.14896057e+02, 1.51982495e+03, 3.18594940e+02, 1.47579749e+03,
       3.22380768e+02, 1.82248706e+03, 2.51900055e+02, 1.77763989e+03,
       2.55841446e+02, 1.73331506e+03, 2.59654022e+02, 1.68908423e+03,
       2.63448944e+02, 1.64510254e+03, 2.67267273e+02, 1.60125513e+03,
       2.70891907e+02, 1.55753357e+03, 2.74615448e+02, 1.51374402e+03,
       2.78425537e+02, 1.47013440e+03, 2.82119293e+02, 1.81418262e+03,
       2.12149246e+02, 1.76968237e+03, 2.16099014e+02, 1.72561157e+03,
       2.19869736e+02, 1.68173462e+03, 2.23708145e+02, 1.63814136e+03,
       2.27545853e+02, 1.59455017e+03, 2.31313004e+02, 1.55120886e+03,
       2.34998230e+02, 1.50772363e+03, 2.38683243e+02, 1.46444238e+03,
       2.42471939e+02, 1.80592444e+03, 1.72990738e+02, 1.76177490e+03,
       1.76998322e+02, 1.71809741e+03, 1.80795853e+02, 1.67452673e+03,
       1.84626465e+02, 1.63125708e+03, 1.88469406e+02, 1.58794128e+03,
       1.92281525e+02, 1.54492944e+03, 1.95991669e+02, 1.50180249e+03,
       1.99679657e+02, 1.45878528e+03, 2.03474411e+02, 1.79775488e+03,
       1.34254959e+02, 1.75390112e+03, 1.38334900e+02, 1.71052344e+03,
       1.42282059e+02, 1.66734448e+03, 1.46051315e+02, 1.62435229e+03,
       1.49833496e+02, 1.58141309e+03, 1.53640625e+02, 1.53866223e+03,
       1.57460541e+02, 1.49584656e+03, 1.61267609e+02, 1.45325574e+03,
       1.64937912e+02 ]
