%YAML:1.0
---
image_points: !!opencv-matrix
   rows: 54
   cols: 2
   dt: f
   data: [ 9.20492310e+02, 3.96188263e+02, 8.74138794e+02,
       3.96165344e+02, 8.27892151e+02, 3.96383148e+02, 7.81918030e+02,
       3.96454437e+02, 7.36202881e+02, 3.96599518e+02, 6.90490967e+02,
       3.96886688e+02, 6.45125854e+02, 3.97231689e+02, 5.99672607e+02,
       3.97483185e+02, 5.54549927e+02, 3.97725952e+02, 9.20980469e+02,
       3.54218994e+02, 8.75171875e+02, 3.54289734e+02, 8.29493347e+02,
       3.54411346e+02, 7.83796570e+02, 3.54489136e+02, 7.38487183e+02,
       3.54698090e+02, 6.93235657e+02, 3.55093842e+02, 6.48322205e+02,
       3.55433655e+02, 6.03351379e+02, 3.55701447e+02, 5.58630920e+02,
       3.56258972e+02, 9.21444458e+02, 3.12760193e+02, 8.76099487e+02,
       3.12987427e+02, 8.30775452e+02, 3.13077301e+02, 7.85695007e+02,
       3.13282623e+02, 7.40753174e+02, 3.13495972e+02, 6.96016663e+02,
       3.13790436e+02, 6.51473022e+02, 3.14255157e+02, 6.06936401e+02,
       3.14598694e+02, 5.62637451e+02, 3.15129211e+02, 9.22005981e+02,
       2.72556915e+02, 8.77020081e+02, 2.72592468e+02, 8.32352417e+02,
       2.72656555e+02, 7.87600952e+02, 2.72849731e+02, 7.43231995e+02,
       2.73241730e+02, 6.98678040e+02, 2.73462921e+02, 6.54576172e+02,
       2.73820831e+02, 6.10469360e+02, 2.74334686e+02, 5.66542114e+02,
       2.74678436e+02, 9.22503479e+02, 2.33301880e+02, 8.78052429e+02,
       2.33274887e+02, 8.33650757e+02, 2.33325516e+02, 7.89486267e+02,
       2.33403412e+02, 7.45402283e+02, 2.33593643e+02, 7.01437927e+02,
       2.33926346e+02, 6.57659241e+02, 2.34350342e+02, 6.13949036e+02,
       2.34679871e+02, 5.70429199e+02, 2.35256454e+02, 9.22976318e+02,
       1.94483353e+02, 8.78961975e+02, 1.94481918e+02, 8.35162231e+02,
       1.94500015e+02, 7.91338623e+02, 1.94583740e+02, 7.47620483e+02,
       1.94751419e+02, 7.04128540e+02, 1.95096191e+02, 6.60730530e+02,
       1.95458801e+02, 6.17404236e+02, 1.95774765e+02, 5.74256165e+02,
       1.96347473e+02 ]
