%YAML:1.0
---
image_points: !!opencv-matrix
   rows: 54
   cols: 2
   dt: f
   data: [ 1.22190112e+03, 5.19388306e+02, 1.17852466e+03,
       5.18459167e+02, 1.13510583e+03, 5.17577148e+02, 1.09153955e+03,
       5.16716492e+02, 1.04795947e+03, 5.15949341e+02, 1.00435284e+03,
       5.15231628e+02, 9.60695068e+02, 5.14456543e+02, 9.16858582e+02,
       5.13631836e+02, 8.73239258e+02, 5.12993835e+02, 1.22250574e+03,
       4.76037659e+02, 1.17915417e+03, 4.75144836e+02, 1.13569666e+03,
       4.74231018e+02, 1.09226721e+03, 4.73360474e+02, 1.04865393e+03,
       4.72507721e+02, 1.00502649e+03, 4.71687531e+02, 9.61448669e+02,
       4.70972900e+02, 9.17673218e+02, 4.70313019e+02, 8.74016235e+02,
       4.69533173e+02, 1.22302661e+03, 4.32551880e+02, 1.17966589e+03,
       4.31560547e+02, 1.13637549e+03, 4.30613129e+02, 1.09283252e+03,
       4.29702881e+02, 1.04937732e+03, 4.28904297e+02, 1.00573541e+03,
       4.28221130e+02, 9.62269104e+02, 4.27417603e+02, 9.18527222e+02,
       4.26647552e+02, 8.74846191e+02, 4.26051971e+02, 1.22347363e+03,
       3.89410889e+02, 1.18023853e+03, 3.88387115e+02, 1.13689905e+03,
       3.87383087e+02, 1.09351428e+03, 3.86464142e+02, 1.05008557e+03,
       3.85558838e+02, 1.00651501e+03, 3.84712433e+02, 9.62978943e+02,
       3.84040802e+02, 9.19393616e+02, 3.83343506e+02, 8.75679626e+02,
       3.82605133e+02, 1.22380798e+03, 3.46456390e+02, 1.18061719e+03,
       3.45395569e+02, 1.13744653e+03, 3.44349243e+02, 1.09412659e+03,
       3.43356964e+02, 1.05066321e+03, 3.42458527e+02, 1.00724615e+03,
       3.41564514e+02, 9.63766418e+02, 3.40799988e+02, 9.20238342e+02,
       3.40188538e+02, 8.76567261e+02, 3.39489594e+02, 1.22422437e+03,
       3.03455841e+02, 1.18110413e+03, 3.02373260e+02, 1.13791211e+03,
       3.01313416e+02, 1.09464697e+03, 3.00285095e+02, 1.05135754e+03,
       2.99370880e+02, 1.00790021e+03, 2.98480072e+02, 9.64538025e+02,
       2.97636719e+02, 9.21040100e+02, 2.96981781e+02, 8.77516602e+02,
       2.96423920e+02 ]
