%YAML:1.0
---
image_points: !!opencv-matrix
   rows: 54
   cols: 2
   dt: f
   data: [ 6.04624634e+02, 5.26577332e+02, 5.64421692e+02,
       5.30890625e+02, 5.24624512e+02, 5.35258240e+02, 4.85150940e+02,
       5.39488831e+02, 4.45889984e+02, 5.43693665e+02, 4.07051392e+02,
       5.47971619e+02, 3.68465363e+02, 5.52202820e+02, 3.29933075e+02,
       5.56419678e+02, 2.91609589e+02, 5.60496338e+02, 6.01295044e+02,
       4.85592194e+02, 5.61128723e+02, 4.90075745e+02, 5.21371765e+02,
       4.94469818e+02, 4.81860413e+02, 4.98807617e+02, 4.42739716e+02,
       5.03315643e+02, 4.03891144e+02, 5.07604248e+02, 3.65426788e+02,
       5.11900879e+02, 3.26973785e+02, 5.16275085e+02, 2.88773743e+02,
       5.20537537e+02, 5.97900757e+02, 4.44557892e+02, 5.57871643e+02,
       4.49214691e+02, 5.18203186e+02, 4.53635559e+02, 4.78723816e+02,
       4.58255524e+02, 4.39643738e+02, 4.62666626e+02, 4.00923065e+02,
       4.67250977e+02, 3.62467529e+02, 4.71612274e+02, 3.24140106e+02,
       4.76149353e+02, 2.86041931e+02, 4.80491486e+02, 5.94676697e+02,
       4.03829437e+02, 5.54675049e+02, 4.08513397e+02, 5.15110291e+02,
       4.13193207e+02, 4.75666077e+02, 4.17750610e+02, 4.36705261e+02,
       4.22432526e+02, 3.97946381e+02, 4.26969604e+02, 3.59529816e+02,
       4.31547577e+02, 3.21283203e+02, 4.36124756e+02, 2.83201569e+02,
       4.40615784e+02, 5.91593994e+02, 3.63463959e+02, 5.51629150e+02,
       3.68244812e+02, 5.12051697e+02, 3.72861176e+02, 4.72688568e+02,
       3.77553558e+02, 4.33743500e+02, 3.82315796e+02, 3.95088776e+02,
       3.87011963e+02, 3.56608856e+02, 3.91673737e+02, 3.18395081e+02,
       3.96377380e+02, 2.80371307e+02, 4.00991272e+02, 5.88508606e+02,
       3.23094543e+02, 5.48606384e+02, 3.27833527e+02, 5.09132629e+02,
       3.32647522e+02, 4.69776825e+02, 3.37466888e+02, 4.30846008e+02,
       3.42307159e+02, 3.92229919e+02, 3.47059082e+02, 3.53829193e+02,
       3.51795105e+02, 3.15517120e+02, 3.56570221e+02, 2.77502808e+02,
       3.61358429e+02 ]
