%YAML:1.0
---
image_points: !!opencv-matrix
   rows: 54
   cols: 2
   dt: f
   data: [ 7.07236694e+02, 1.08192566e+03, 6.68742554e+02,
       1.08154529e+03, 6.30700928e+02, 1.08115100e+03, 5.92859375e+02,
       1.08059912e+03, 5.55339417e+02, 1.08005054e+03, 5.17868835e+02,
       1.07947424e+03, 4.80700104e+02, 1.07880359e+03, 4.43589050e+02,
       1.07826746e+03, 4.06680420e+02, 1.07756897e+03, 7.06362061e+02,
       1.04383606e+03, 6.67864868e+02, 1.04353906e+03, 6.29791138e+02,
       1.04317542e+03, 5.91955261e+02, 1.04264819e+03, 5.54359253e+02,
       1.04227588e+03, 5.16853516e+02, 1.04166809e+03, 4.79729095e+02,
       1.04117712e+03, 4.42622559e+02, 1.04057532e+03, 4.05748260e+02,
       1.03999866e+03, 7.05479797e+02, 1.00545886e+03, 6.67124512e+02,
       1.00519543e+03, 6.28914124e+02, 1.00478522e+03, 5.91020752e+02,
       1.00450427e+03, 5.53411194e+02, 1.00408167e+03, 5.15911560e+02,
       1.00361670e+03, 4.78721252e+02, 1.00323553e+03, 4.41638580e+02,
       1.00263409e+03, 4.04751282e+02, 1.00225995e+03, 7.04630127e+02,
       9.66933105e+02, 6.66301758e+02, 9.66709534e+02, 6.28089905e+02,
       9.66513550e+02, 5.90164551e+02, 9.66305359e+02, 5.52460693e+02,
       9.65916260e+02, 5.14907837e+02, 9.65561768e+02, 4.77682983e+02,
       9.65277954e+02, 4.40592285e+02, 9.64731628e+02, 4.03625977e+02,
       9.64432190e+02, 7.03892090e+02, 9.28448853e+02, 6.65413696e+02,
       9.28363708e+02, 6.27268860e+02, 9.28232422e+02, 5.89262024e+02,
       9.27967651e+02, 5.51497314e+02, 9.27706482e+02, 5.13921814e+02,
       9.27497314e+02, 4.76665985e+02, 9.27316711e+02, 4.39513947e+02,
       9.26904663e+02, 4.02548279e+02, 9.26598328e+02, 7.03212769e+02,
       8.89548950e+02, 6.64596741e+02, 8.89543030e+02, 6.26411804e+02,
       8.89503662e+02, 5.88366943e+02, 8.89469055e+02, 5.50537537e+02,
       8.89384583e+02, 5.12970215e+02, 8.89256592e+02, 4.75673431e+02,
       8.89031250e+02, 4.38465057e+02, 8.88768738e+02, 4.01475372e+02,
       8.88583191e+02 ]
