%YAML:1.0
---
image_points: !!opencv-matrix
   rows: 54
   cols: 2
   dt: f
   data: [ 1.24184851e+03, 6.62064270e+02, 1.20121594e+03,
       6.62296570e+02, 1.16045972e+03, 6.62458862e+02, 1.11960498e+03,
       6.62576965e+02, 1.07870557e+03, 6.62704651e+02, 1.03779907e+03,
       6.62903992e+02, 9.97033081e+02, 6.63156372e+02, 9.55945618e+02,
       6.63294495e+02, 9.15032410e+02, 6.63432922e+02, 1.24167676e+03,
       6.21389832e+02, 1.20100330e+03, 6.21492554e+02, 1.16034045e+03,
       6.21581787e+02, 1.11948804e+03, 6.21755981e+02, 1.07859155e+03,
       6.21946411e+02, 1.03765454e+03, 6.22205200e+02, 9.96792480e+02,
       6.22353027e+02, 9.55767334e+02, 6.22489685e+02, 9.14808960e+02,
       6.22568787e+02, 1.24148877e+03, 5.80448486e+02, 1.20075122e+03,
       5.80513428e+02, 1.16015393e+03, 5.80607788e+02, 1.11933704e+03,
       5.80743835e+02, 1.07847351e+03, 5.80946899e+02, 1.03753271e+03,
       5.81212219e+02, 9.96675110e+02, 5.81376038e+02, 9.55651855e+02,
       5.81494446e+02, 9.14676575e+02, 5.81618286e+02, 1.24125293e+03,
       5.39578613e+02, 1.20054565e+03, 5.39663330e+02, 1.15985242e+03,
       5.39724304e+02, 1.11916321e+03, 5.39886536e+02, 1.07832581e+03,
       5.40136597e+02, 1.03743176e+03, 5.40290649e+02, 9.96526001e+02,
       5.40440430e+02, 9.55546631e+02, 5.40550781e+02, 9.14559631e+02,
       5.40706604e+02, 1.24078516e+03, 4.98989105e+02, 1.20028540e+03,
       4.99050934e+02, 1.15959448e+03, 4.99147369e+02, 1.11883472e+03,
       4.99218109e+02, 1.07813208e+03, 4.99347626e+02, 1.03727063e+03,
       4.99447571e+02, 9.96449097e+02, 4.99592102e+02, 9.55445435e+02,
       4.99710815e+02, 9.14442566e+02, 4.99992218e+02, 1.24046130e+03,
       4.58292358e+02, 1.19983826e+03, 4.58321869e+02, 1.15936060e+03,
       4.58343597e+02, 1.11860876e+03, 4.58362946e+02, 1.07781348e+03,
       4.58456451e+02, 1.03707568e+03, 4.58522827e+02, 9.96297241e+02,
       4.58645172e+02, 9.55318787e+02, 4.58829498e+02, 9.14375732e+02,
       4.59155060e+02 ]
