%YAML:1.0
---
image_points: !!opencv-matrix
   rows: 54
   cols: 2
   dt: f
   data: [ 1.10353113e+03, 9.71939697e+02, 1.06324500e+03,
       9.72643127e+02, 1.02284186e+03, 9.73352051e+02, 9.82602417e+02,
       9.73886230e+02, 9.42417908e+02, 9.74435547e+02, 9.02240723e+02,
       9.74788330e+02, 8.62162354e+02, 9.75270996e+02, 8.21859741e+02,
       9.75521973e+02, 7.81796387e+02, 9.75721252e+02, 1.10297412e+03,
       9.31933533e+02, 1.06257898e+03, 9.32633911e+02, 1.02237805e+03,
       9.33367981e+02, 9.82086182e+02, 9.33893921e+02, 9.41755432e+02,
       9.34477417e+02, 9.01549927e+02, 9.34872009e+02, 8.61489746e+02,
       9.35341309e+02, 8.21355286e+02, 9.35615234e+02, 7.81285767e+02,
       9.35827332e+02, 1.10242517e+03, 8.91644592e+02, 1.06209961e+03,
       8.92430908e+02, 1.02173352e+03, 8.93082642e+02, 9.81482666e+02,
       8.93639893e+02, 9.41286926e+02, 8.94249573e+02, 9.01038391e+02,
       8.94658813e+02, 8.60867493e+02, 8.95158813e+02, 8.20679260e+02,
       8.95477417e+02, 7.80639526e+02, 8.95705444e+02, 1.10177417e+03,
       8.51466064e+02, 1.06148315e+03, 8.52237976e+02, 1.02126477e+03,
       8.52766357e+02, 9.80864441e+02, 8.53461487e+02, 9.40622192e+02,
       8.54027344e+02, 9.00451233e+02, 8.54505127e+02, 8.60343445e+02,
       8.54966980e+02, 8.20199219e+02, 8.55383789e+02, 7.80137085e+02,
       8.55638428e+02, 1.10126978e+03, 8.11298767e+02, 1.06082043e+03,
       8.11937561e+02, 1.02058777e+03, 8.12627075e+02, 9.80379150e+02,
       8.13331543e+02, 9.40122375e+02, 8.13793518e+02, 8.99806946e+02,
       8.14420959e+02, 8.59707031e+02, 8.14838745e+02, 8.19548035e+02,
       8.15339050e+02, 7.79514587e+02, 8.15632263e+02, 1.10054810e+03,
       7.70812073e+02, 1.06032007e+03, 7.71560242e+02, 1.02002722e+03,
       7.72323181e+02, 9.79700989e+02, 7.72867859e+02, 9.39488403e+02,
       7.73520752e+02, 8.99351135e+02, 7.74127991e+02, 8.59249390e+02,
       7.74583557e+02, 8.19046631e+02, 7.75100708e+02, 7.78970154e+02,
       7.75519348e+02 ]
