%YAML:1.0
---
image_points: !!opencv-matrix
   rows: 54
   cols: 2
   dt: f
   data: [ 1.59234045e+03, 9.69238831e+02, 1.55496057e+03,
       9.70218750e+02, 1.51755859e+03, 9.71193054e+02, 1.48009888e+03,
       9.72166504e+02, 1.44242334e+03, 9.73043701e+02, 1.40457813e+03,
       9.73912598e+02, 1.36663086e+03, 9.74823425e+02, 1.32841772e+03,
       9.75659546e+02, 1.29011108e+03, 9.76557312e+02, 1.59271130e+03,
       9.31440430e+02, 1.55539648e+03, 9.32379028e+02, 1.51798706e+03,
       9.33292297e+02, 1.48049109e+03, 9.34247009e+02, 1.44274841e+03,
       9.35151550e+02, 1.40487378e+03, 9.35997131e+02, 1.36688928e+03,
       9.36769043e+02, 1.32862451e+03, 9.37637451e+02, 1.29028516e+03,
       9.38453125e+02, 1.59312842e+03, 8.93333862e+02, 1.55571265e+03,
       8.94209961e+02, 1.51843640e+03, 8.95124390e+02, 1.48078711e+03,
       8.95940796e+02, 1.44311938e+03, 8.96760742e+02, 1.40525342e+03,
       8.97640808e+02, 1.36727478e+03, 8.98469971e+02, 1.32883801e+03,
       8.99306763e+02, 1.29044421e+03, 8.99956116e+02, 1.59339050e+03,
       8.55221313e+02, 1.55609558e+03, 8.56035767e+02, 1.51866125e+03,
       8.56753784e+02, 1.48116663e+03, 8.57642334e+02, 1.44342993e+03,
       8.58483459e+02, 1.40551794e+03, 8.59324158e+02, 1.36745459e+03,
       8.60120789e+02, 1.32913525e+03, 8.60741333e+02, 1.29054810e+03,
       8.61487427e+02, 1.59354138e+03, 8.16968079e+02, 1.55631653e+03,
       8.17726685e+02, 1.51891516e+03, 8.18569458e+02, 1.48140344e+03,
       8.19396851e+02, 1.44364978e+03, 8.20214661e+02, 1.40567993e+03,
       8.20826111e+02, 1.36767566e+03, 8.21602234e+02, 1.32932043e+03,
       8.22344421e+02, 1.29066626e+03, 8.22947571e+02, 1.59369531e+03,
       7.78537720e+02, 1.55645129e+03, 7.79374939e+02, 1.51914343e+03,
       7.80109802e+02, 1.48157751e+03, 7.80751038e+02, 1.44383643e+03,
       7.81523987e+02, 1.40591223e+03, 7.82292358e+02, 1.36781189e+03,
       7.82816101e+02, 1.32944629e+03, 7.83529175e+02, 1.29080542e+03,
       7.84238098e+02 ]
