%YAML:1.0
---
image_points: !!opencv-matrix
   rows: 54
   cols: 2
   dt: f
   data: [ 1.68192847e+03, 5.80636536e+02, 1.64038574e+03,
       5.80907104e+02, 1.59884741e+03, 5.81299622e+02, 1.55741711e+03,
       5.81515991e+02, 1.51579553e+03, 5.81740295e+02, 1.47426062e+03,
       5.82188599e+02, 1.43258203e+03, 5.82486267e+02, 1.39069373e+03,
       5.82703308e+02, 1.34880078e+03, 5.83161926e+02, 1.68193945e+03,
       5.38833374e+02, 1.64037000e+03, 5.39205566e+02, 1.59878552e+03,
       5.39422363e+02, 1.55735632e+03, 5.39644592e+02, 1.51573132e+03,
       5.40010986e+02, 1.47412524e+03, 5.40380920e+02, 1.43245947e+03,
       5.40585022e+02, 1.39054944e+03, 5.40938293e+02, 1.34857129e+03,
       5.41364502e+02, 1.68181091e+03, 4.96773438e+02, 1.64023193e+03,
       4.97139954e+02, 1.59871997e+03, 4.97409241e+02, 1.55717993e+03,
       4.97600677e+02, 1.51554895e+03, 4.97922241e+02, 1.47385388e+03,
       4.98342285e+02, 1.43223901e+03, 4.98546295e+02, 1.39031824e+03,
       4.98854156e+02, 1.34833984e+03, 4.99327179e+02, 1.68157996e+03,
       4.54834869e+02, 1.63996924e+03, 4.55216949e+02, 1.59847827e+03,
       4.55405090e+02, 1.55686743e+03, 4.55607361e+02, 1.51533838e+03,
       4.55887421e+02, 1.47359485e+03, 4.56300720e+02, 1.43183606e+03,
       4.56533661e+02, 1.38990796e+03, 4.56858551e+02, 1.34795007e+03,
       4.57342804e+02, 1.68123706e+03, 4.13022217e+02, 1.63958875e+03,
       4.13310425e+02, 1.59812463e+03, 4.13506287e+02, 1.55654846e+03,
       4.13685638e+02, 1.51493774e+03, 4.14058685e+02, 1.47326782e+03,
       4.14380127e+02, 1.43155774e+03, 4.14612915e+02, 1.38958887e+03,
       4.15002045e+02, 1.34757458e+03, 4.15418854e+02, 1.68075085e+03,
       3.70932617e+02, 1.63917041e+03, 3.71281403e+02, 1.59763635e+03,
       3.71489410e+02, 1.55612439e+03, 3.71646057e+02, 1.51451440e+03,
       3.71990906e+02, 1.47277966e+03, 3.72344391e+02, 1.43114026e+03,
       3.72569122e+02, 1.38919507e+03, 3.72921570e+02, 1.34721765e+03,
       3.73390472e+02 ]
