%YAML:1.0
---
image_points: !!opencv-matrix
   rows: 54
   cols: 2
   dt: f
   data: [ 1.08352588e+03, 7.21384338e+02, 1.04414783e+03,
       7.21630554e+02, 1.00459674e+03, 7.21979187e+02, 9.65161865e+02,
       7.22370483e+02, 9.25507568e+02, 7.22557007e+02, 8.85790039e+02,
       7.22789551e+02, 8.46286194e+02, 7.23141846e+02, 8.06402283e+02,
       7.23351563e+02, 7.66570129e+02, 7.23501587e+02, 1.08317297e+03,
       6.82015625e+02, 1.04366443e+03, 6.82339783e+02, 1.00439874e+03,
       6.82516968e+02, 9.64806274e+02, 6.82753113e+02, 9.25383362e+02,
       6.83117004e+02, 8.85628967e+02, 6.83363159e+02, 8.46144775e+02,
       6.83532104e+02, 8.06376831e+02, 6.83684143e+02, 7.66564026e+02,
       6.83857422e+02, 1.08265454e+03, 6.42525391e+02, 1.04343396e+03,
       6.42701782e+02, 1.00412018e+03, 6.42996521e+02, 9.64589539e+02,
       6.43289124e+02, 9.25212219e+02, 6.43456543e+02, 8.85546082e+02,
       6.43616150e+02, 8.46073914e+02, 6.43805298e+02, 8.06359131e+02,
       6.44088013e+02, 7.66599060e+02, 6.44294800e+02, 1.08233704e+03,
       6.03372131e+02, 1.04306213e+03, 6.03499451e+02, 1.00372614e+03,
       6.03587585e+02, 9.64436768e+02, 6.03752502e+02, 9.24982422e+02,
       6.03976196e+02, 8.85485413e+02, 6.04201416e+02, 8.45937622e+02,
       6.04391174e+02, 8.06378235e+02, 6.04494385e+02, 7.66618896e+02,
       6.04595581e+02, 1.08175671e+03, 5.64323547e+02, 1.04261865e+03,
       5.64413879e+02, 1.00349420e+03, 5.64473877e+02, 9.64276794e+02,
       5.64546753e+02, 9.24768005e+02, 5.64637207e+02, 8.85413574e+02,
       5.64773743e+02, 8.45908325e+02, 5.64984192e+02, 8.06381470e+02,
       5.65159973e+02, 7.66670166e+02, 5.65307922e+02, 1.08139905e+03,
       5.25251465e+02, 1.04236377e+03, 5.25323486e+02, 1.00327496e+03,
       5.25349548e+02, 9.63994568e+02, 5.25368774e+02, 9.24632568e+02,
       5.25457458e+02, 8.85355347e+02, 5.25507690e+02, 8.45899963e+02,
       5.25571228e+02, 8.06410522e+02, 5.25653320e+02, 7.66778931e+02,
       5.25776245e+02 ]
