%YAML:1.0
---
image_points: !!opencv-matrix
   rows: 54
   cols: 2
   dt: f
   data: [ 1.23814624e+03, 9.11261169e+02, 1.19796960e+03,
       9.15790588e+02, 1.15787317e+03, 9.20367554e+02, 1.11775684e+03,
       9.24775513e+02, 1.07766077e+03, 9.29246704e+02, 1.03755481e+03,
       9.33567566e+02, 9.97550842e+02, 9.37832092e+02, 9.57355652e+02,
       9.42079956e+02, 9.17324219e+02, 9.46274109e+02, 1.23376147e+03,
       8.71382141e+02, 1.19363086e+03, 8.75898987e+02, 1.15356482e+03,
       8.80461182e+02, 1.11347632e+03, 8.84929443e+02, 1.07337476e+03,
       8.89368591e+02, 1.03325024e+03, 8.93696777e+02, 9.93201416e+02,
       8.97997437e+02, 9.53024353e+02, 9.02301208e+02, 9.12896362e+02,
       9.06430176e+02, 1.22942395e+03, 8.31202332e+02, 1.18930530e+03,
       8.35694031e+02, 1.14926526e+03, 8.40332581e+02, 1.10909351e+03,
       8.44726379e+02, 1.06895276e+03, 8.49238892e+02, 1.02882166e+03,
       8.53582947e+02, 9.88760376e+02, 8.57892883e+02, 9.48633301e+02,
       8.62215088e+02, 9.08560059e+02, 8.66404602e+02, 1.22497412e+03,
       7.91107056e+02, 1.18486377e+03, 7.95645569e+02, 1.14481921e+03,
       8.00217346e+02, 1.10467517e+03, 8.04648987e+02, 1.06459692e+03,
       8.09128418e+02, 1.02448547e+03, 8.13501526e+02, 9.84422913e+02,
       8.17818848e+02, 9.44325439e+02, 8.22171204e+02, 9.04213806e+02,
       8.26420837e+02, 1.22048718e+03, 7.51045898e+02, 1.18043420e+03,
       7.55576172e+02, 1.14042603e+03, 7.60167969e+02, 1.10034155e+03,
       7.64580994e+02, 1.06027222e+03, 7.69076965e+02, 1.02008502e+03,
       7.73478027e+02, 9.80100525e+02, 7.77816956e+02, 9.39877991e+02,
       7.82218445e+02, 8.99799683e+02, 7.86471985e+02, 1.21594507e+03,
       7.10742004e+02, 1.17591028e+03, 7.15384277e+02, 1.13591785e+03,
       7.19834656e+02, 1.09583435e+03, 7.24394409e+02, 1.05575830e+03,
       7.28798645e+02, 1.01569678e+03, 7.33296326e+02, 9.75638916e+02,
       7.37641479e+02, 9.35526611e+02, 7.42049622e+02, 8.95463806e+02,
       7.46397339e+02 ]
