%YAML:1.0
---
image_points: !!opencv-matrix
   rows: 54
   cols: 2
   dt: f
   data: [ 1.32737329e+03, 9.26890747e+02, 1.28759814e+03,
       9.30153503e+02, 1.24783887e+03, 9.33301331e+02, 1.20812878e+03,
       9.36421509e+02, 1.16824329e+03, 9.39430298e+02, 1.12829041e+03,
       9.42435974e+02, 1.08839050e+03, 9.45372314e+02, 1.04822803e+03,
       9.48250305e+02, 1.00814215e+03, 9.51074768e+02, 1.32481555e+03,
       8.87460999e+02, 1.28512292e+03, 8.90589050e+02, 1.24536206e+03,
       8.93662781e+02, 1.20549475e+03, 8.96785583e+02, 1.16557922e+03,
       8.99826477e+02, 1.12554968e+03, 9.02847290e+02, 1.08557874e+03,
       9.05730225e+02, 1.04546997e+03, 9.08662903e+02, 1.00531696e+03,
       9.11510376e+02, 1.32233557e+03, 8.47579346e+02, 1.28254321e+03,
       8.50697388e+02, 1.24273840e+03, 8.53838013e+02, 1.20280750e+03,
       8.56927124e+02, 1.16288086e+03, 8.59998169e+02, 1.12284680e+03,
       8.62999695e+02, 1.08284546e+03, 8.65901184e+02, 1.04263245e+03,
       8.68769348e+02, 1.00247070e+03, 8.71619080e+02, 1.31966467e+03,
       8.07692566e+02, 1.27987549e+03, 8.10889709e+02, 1.24014075e+03,
       8.13947693e+02, 1.20022583e+03, 8.17106384e+02, 1.16024341e+03,
       8.20153015e+02, 1.12017944e+03, 8.23097046e+02, 1.08008630e+03,
       8.26053345e+02, 1.03984033e+03, 8.28922974e+02, 9.99601929e+02,
       8.31730408e+02, 1.31698291e+03, 7.67870422e+02, 1.27726135e+03,
       7.71039795e+02, 1.23743896e+03, 7.74121887e+02, 1.19751392e+03,
       7.77210632e+02, 1.15750854e+03, 7.80238037e+02, 1.11741296e+03,
       7.83214417e+02, 1.07736707e+03, 7.86174377e+02, 1.03705603e+03,
       7.89042908e+02, 9.96731812e+02, 7.91871582e+02, 1.31424646e+03,
       7.27753479e+02, 1.27444885e+03, 7.30854248e+02, 1.23464819e+03,
       7.33940674e+02, 1.19471301e+03, 7.37004883e+02, 1.15471204e+03,
       7.40044006e+02, 1.11460767e+03, 7.43018616e+02, 1.07449390e+03,
       7.45915039e+02, 1.03423633e+03, 7.48840088e+02, 9.93870239e+02,
       7.51734680e+02 ]
