%YAML:1.0
---
image_points: !!opencv-matrix
   rows: 54
   cols: 2
   dt: f
   data: [ 7.94065247e+02, 1.10671924e+03, 7.55525757e+02,
       1.10551636e+03, 7.17409180e+02, 1.10418579e+03, 6.79387939e+02,
       1.10271899e+03, 6.41572388e+02, 1.10134509e+03, 6.04083069e+02,
       1.09973706e+03, 5.66716309e+02, 1.09830823e+03, 5.29537231e+02,
       1.09662244e+03, 4.92537628e+02, 1.09509644e+03, 7.94295044e+02,
       1.06864929e+03, 7.55693970e+02, 1.06745264e+03, 7.17516052e+02,
       1.06619678e+03, 6.79481628e+02, 1.06479736e+03, 6.41656799e+02,
       1.06346948e+03, 6.04165771e+02, 1.06202991e+03, 5.66808899e+02,
       1.06053113e+03, 5.29588440e+02, 1.05904346e+03, 4.92601563e+02,
       1.05746252e+03, 7.94481873e+02, 1.03026196e+03, 7.55929993e+02,
       1.02905713e+03, 7.17639648e+02, 1.02780945e+03, 6.79565857e+02,
       1.02659802e+03, 6.41759827e+02, 1.02532397e+03, 6.04280762e+02,
       1.02393921e+03, 5.66887146e+02, 1.02254108e+03, 5.29638367e+02,
       1.02117010e+03, 4.92677734e+02, 1.01962787e+03, 7.94683960e+02,
       9.91704956e+02, 7.56213257e+02, 9.90647034e+02, 7.17813721e+02,
       9.89534851e+02, 6.79704041e+02, 9.88418335e+02, 6.41908264e+02,
       9.87230835e+02, 6.04346802e+02, 9.85839294e+02, 5.66899963e+02,
       9.84591980e+02, 5.29666565e+02, 9.83297913e+02, 4.92610443e+02,
       9.81873596e+02, 7.95024597e+02, 9.53263000e+02, 7.56407593e+02,
       9.52274475e+02, 7.18067017e+02, 9.51262085e+02, 6.79876709e+02,
       9.50185547e+02, 6.42046936e+02, 9.48984009e+02, 6.04388123e+02,
       9.47790405e+02, 5.66959473e+02, 9.46627686e+02, 5.29629883e+02,
       9.45435791e+02, 4.92586639e+02, 9.44210510e+02, 7.95332947e+02,
       9.14429321e+02, 7.56610596e+02, 9.13510864e+02, 7.18326111e+02,
       9.12561768e+02, 6.80129517e+02, 9.11593262e+02, 6.42205750e+02,
       9.10595032e+02, 6.04451355e+02, 9.09537842e+02, 5.67061218e+02,
       9.08490112e+02, 5.29647522e+02, 9.07369202e+02, 4.92550110e+02,
       9.06241394e+02 ]
