%YAML:1.0
---
image_points: !!opencv-matrix
   rows: 54
   cols: 2
   dt: f
   data: [ 1.41439893e+03, 8.05519409e+02, 1.37298938e+03,
       8.06072815e+02, 1.33162805e+03, 8.06541260e+02, 1.29037207e+03,
       8.07063232e+02, 1.24899573e+03, 8.07489380e+02, 1.20761853e+03,
       8.07827881e+02, 1.16643079e+03, 8.08351929e+02, 1.12496399e+03,
       8.08599426e+02, 1.08366235e+03, 8.08946106e+02, 1.41422607e+03,
       7.64421021e+02, 1.37270032e+03, 7.64848572e+02, 1.33142932e+03,
       7.65436157e+02, 1.29007141e+03, 7.65890198e+02, 1.24866675e+03,
       7.66449341e+02, 1.20733081e+03, 7.66841248e+02, 1.16602356e+03,
       7.67363525e+02, 1.12458521e+03, 7.67668640e+02, 1.08329565e+03,
       7.68097717e+02, 1.41380823e+03, 7.22858032e+02, 1.37245129e+03,
       7.23471741e+02, 1.33114282e+03, 7.24027100e+02, 1.28965967e+03,
       7.24534851e+02, 1.24834741e+03, 7.25114807e+02, 1.20691846e+03,
       7.25572266e+02, 1.16559106e+03, 7.26041077e+02, 1.12422180e+03,
       7.26483154e+02, 1.08273975e+03, 7.26821045e+02, 1.41345679e+03,
       6.81501953e+02, 1.37202600e+03, 6.82137451e+02, 1.33067139e+03,
       6.82582458e+02, 1.28935767e+03, 6.83272583e+02, 1.24788062e+03,
       6.83673889e+02, 1.20651111e+03, 6.84309021e+02, 1.16518555e+03,
       6.84718872e+02, 1.12366406e+03, 6.85299744e+02, 1.08234583e+03,
       6.85651062e+02, 1.41285266e+03, 6.40205994e+02, 1.37152039e+03,
       6.40658752e+02, 1.33026038e+03, 6.41366333e+02, 1.28879102e+03,
       6.41804077e+02, 1.24746118e+03, 6.42463867e+02, 1.20600562e+03,
       6.42977966e+02, 1.16464929e+03, 6.43543457e+02, 1.12324756e+03,
       6.44080261e+02, 1.08174634e+03, 6.44561707e+02, 1.41233838e+03,
       5.98538086e+02, 1.37092371e+03, 5.99246765e+02, 1.32962183e+03,
       5.99693665e+02, 1.28833948e+03, 6.00394897e+02, 1.24686987e+03,
       6.00940979e+02, 1.20550684e+03, 6.01530090e+02, 1.16418347e+03,
       6.02187256e+02, 1.12264075e+03, 6.02650696e+02, 1.08130896e+03,
       6.03354858e+02 ]
