%YAML:1.0
---
image_points: !!opencv-matrix
   rows: 54
   cols: 2
   dt: f
   data: [ 1.54807202e+03, 9.53690796e+02, 1.51055640e+03,
       9.55173828e+02, 1.47298779e+03, 9.56513367e+02, 1.43533313e+03,
       9.57881287e+02, 1.39742468e+03, 9.59334045e+02, 1.35938965e+03,
       9.60595398e+02, 1.32122559e+03, 9.61915100e+02, 1.28264429e+03,
       9.63290466e+02, 1.24407458e+03, 9.64498047e+02, 1.54819495e+03,
       9.15734985e+02, 1.51058838e+03, 9.17208862e+02, 1.47306519e+03,
       9.18479187e+02, 1.43537903e+03, 9.19795715e+02, 1.39743506e+03,
       9.21225586e+02, 1.35931348e+03, 9.22491943e+02, 1.32107532e+03,
       9.23653320e+02, 1.28251318e+03, 9.24926758e+02, 1.24374939e+03,
       9.26202332e+02, 1.54820837e+03, 8.77505249e+02, 1.51061829e+03,
       8.78750183e+02, 1.47316089e+03, 8.80212463e+02, 1.43533997e+03,
       8.81457520e+02, 1.39736462e+03, 8.82668396e+02, 1.35923743e+03,
       8.83948364e+02, 1.32089001e+03, 8.85237915e+02, 1.28233423e+03,
       8.86387756e+02, 1.24353271e+03, 8.87469727e+02, 1.54813733e+03,
       8.39280762e+02, 1.51061548e+03, 8.40499390e+02, 1.47306311e+03,
       8.41663574e+02, 1.43526831e+03, 8.42976624e+02, 1.39729517e+03,
       8.44250610e+02, 1.35909924e+03, 8.45388550e+02, 1.32068237e+03,
       8.46536011e+02, 1.28208484e+03, 8.47627014e+02, 1.24329407e+03,
       8.48706604e+02, 1.54794617e+03, 8.00824890e+02, 1.51045935e+03,
       8.02118652e+02, 1.47291980e+03, 8.03326965e+02, 1.43516174e+03,
       8.04458130e+02, 1.39716748e+03, 8.05581909e+02, 1.35884192e+03,
       8.06671326e+02, 1.32055090e+03, 8.07821106e+02, 1.28179626e+03,
       8.08882690e+02, 1.24296094e+03, 8.10023376e+02, 1.54774561e+03,
       7.62294556e+02, 1.51031433e+03, 7.63415771e+02, 1.47270862e+03,
       7.64520203e+02, 1.43489160e+03, 7.65605469e+02, 1.39691223e+03,
       7.66710876e+02, 1.35868213e+03, 7.67784790e+02, 1.32033484e+03,
       7.68840881e+02, 1.28156409e+03, 7.69916199e+02, 1.24264478e+03,
       7.70933044e+02 ]
