%YAML:1.0
---
image_points: !!opencv-matrix
   rows: 54
   cols: 2
   dt: f
   data: [ 1.45300562e+03, 7.83500122e+02, 1.41046741e+03,
       7.85572876e+02, 1.36917273e+03, 7.87587708e+02, 1.32878809e+03,
       7.89537109e+02, 1.28958057e+03, 7.91412354e+02, 1.25143542e+03,
       7.93203430e+02, 1.21432727e+03, 7.94807373e+02, 1.17793494e+03,
       7.96487305e+02, 1.14261963e+03, 7.97990906e+02, 1.44985852e+03,
       7.40596924e+02, 1.40756384e+03, 7.43364990e+02, 1.36645093e+03,
       7.45838562e+02, 1.32639514e+03, 7.48429688e+02, 1.28738330e+03,
       7.50760010e+02, 1.24936560e+03, 7.53230103e+02, 1.21241235e+03,
       7.55438232e+02, 1.17629932e+03, 7.57551575e+02, 1.14117432e+03,
       7.59603210e+02, 1.44660632e+03, 6.97766968e+02, 1.40458191e+03,
       7.01174500e+02, 1.36364380e+03, 7.04317261e+02, 1.32371619e+03,
       7.07399536e+02, 1.28493262e+03, 7.10373962e+02, 1.24719592e+03,
       7.13299316e+02, 1.21040869e+03, 7.15983398e+02, 1.17442358e+03,
       7.18653137e+02, 1.13947070e+03, 7.21348816e+02, 1.44336353e+03,
       6.55478577e+02, 1.40151404e+03, 6.59342590e+02, 1.36073987e+03,
       6.63069885e+02, 1.32110669e+03, 6.66649414e+02, 1.28248926e+03,
       6.70271118e+02, 1.24475159e+03, 6.73575073e+02, 1.20824817e+03,
       6.76885132e+02, 1.17244849e+03, 6.80178406e+02, 1.13754468e+03,
       6.83340332e+02, 1.43990698e+03, 6.13536804e+02, 1.39833960e+03,
       6.17911804e+02, 1.35775208e+03, 6.22231323e+02, 1.31833813e+03,
       6.26364868e+02, 1.27982739e+03, 6.30415100e+02, 1.24242468e+03,
       6.34387451e+02, 1.20589636e+03, 6.38212219e+02, 1.17034033e+03,
       6.41866821e+02, 1.13558228e+03, 6.45544250e+02, 1.43640076e+03,
       5.71689270e+02, 1.39499255e+03, 5.76672424e+02, 1.35468774e+03,
       5.81518250e+02, 1.31544019e+03, 5.86232666e+02, 1.27719055e+03,
       5.90707458e+02, 1.23981335e+03, 5.95251953e+02, 1.20358105e+03,
       5.99565552e+02, 1.16810864e+03, 6.03773315e+02, 1.13351477e+03,
       6.07918274e+02 ]
