%YAML:1.0
---
image_points: !!opencv-matrix
   rows: 54
   cols: 2
   dt: f
   data: [ 9.96766907e+02, 3.77695587e+02, 9.50540710e+02,
       3.78378937e+02, 9.04288452e+02, 3.79242645e+02, 8.58111694e+02,
       3.79874969e+02, 8.12039551e+02, 3.80701843e+02, 7.65925232e+02,
       3.81663391e+02, 7.19963867e+02, 3.82548798e+02, 6.73977051e+02,
       3.83515533e+02, 6.28122498e+02, 3.84510437e+02, 9.95548462e+02,
       3.35899994e+02, 9.49712158e+02, 3.36542084e+02, 9.04021301e+02,
       3.37321686e+02, 8.58222900e+02, 3.37964752e+02, 8.12551575e+02,
       3.38718903e+02, 7.66784729e+02, 3.39671387e+02, 7.21425354e+02,
       3.40624115e+02, 6.75773682e+02, 3.41584106e+02, 6.30448547e+02,
       3.42611298e+02, 9.94297119e+02, 2.94664459e+02, 9.48906311e+02,
       2.95417572e+02, 9.03557312e+02, 2.95994812e+02, 8.58398987e+02,
       2.96609985e+02, 8.13120972e+02, 2.97462158e+02, 7.67815491e+02,
       2.98409393e+02, 7.22783630e+02, 2.99316193e+02, 6.77667419e+02,
       3.00335754e+02, 6.32670288e+02, 3.01351898e+02, 9.93052979e+02,
       2.54557480e+02, 9.48149170e+02, 2.55128571e+02, 9.03355774e+02,
       2.55595352e+02, 8.58453186e+02, 2.56327881e+02, 8.13631592e+02,
       2.57152679e+02, 7.68769470e+02, 2.57811310e+02, 7.24299438e+02,
       2.58735168e+02, 6.79505920e+02, 2.59669708e+02, 6.34908875e+02,
       2.60641052e+02, 9.91715942e+02, 2.15367889e+02, 9.47411926e+02,
       2.15703445e+02, 9.02919250e+02, 2.16266953e+02, 8.58555359e+02,
       2.16700500e+02, 8.14262024e+02, 2.17446457e+02, 7.69798401e+02,
       2.18282288e+02, 7.25603577e+02, 2.19097198e+02, 6.81385620e+02,
       2.19978424e+02, 6.37195190e+02, 2.20892853e+02, 9.90546814e+02,
       1.76605835e+02, 9.46567383e+02, 1.77064819e+02, 9.02602234e+02,
       1.77446609e+02, 8.58629639e+02, 1.77874680e+02, 8.14704346e+02,
       1.78522385e+02, 7.70796509e+02, 1.79276154e+02, 7.27097839e+02,
       1.80071365e+02, 6.83174316e+02, 1.80834732e+02, 6.39389587e+02,
       1.81759628e+02 ]
