%YAML:1.0
---
image_points: !!opencv-matrix
   rows: 54
   cols: 2
   dt: f
   data: [ 7.76895386e+02, 9.66713867e+02, 7.36692688e+02,
       9.68393738e+02, 6.96808899e+02, 9.69839966e+02, 6.57189209e+02,
       9.71405884e+02, 6.17640503e+02, 9.72722656e+02, 5.78406860e+02,
       9.74189880e+02, 5.39389648e+02, 9.75483704e+02, 5.00352783e+02,
       9.76727112e+02, 4.61528625e+02, 9.78107727e+02, 7.74780212e+02,
       9.26547668e+02, 7.34621704e+02, 9.28230469e+02, 6.94758362e+02,
       9.29715332e+02, 6.55135193e+02, 9.31364990e+02, 6.15615479e+02,
       9.32760681e+02, 5.76399414e+02, 9.34311890e+02, 5.37415894e+02,
       9.35610535e+02, 4.98457062e+02, 9.37042725e+02, 4.59704987e+02,
       9.38388550e+02, 7.72716064e+02, 8.86035706e+02, 7.32622314e+02,
       8.87689758e+02, 6.92705505e+02, 8.89448975e+02, 6.53082397e+02,
       8.91090332e+02, 6.13613831e+02, 8.92573486e+02, 5.74431396e+02,
       8.94214722e+02, 5.35484314e+02, 8.95581726e+02, 4.96565277e+02,
       8.97116455e+02, 4.57930023e+02, 8.98478271e+02, 7.70699524e+02,
       8.45599792e+02, 7.30601868e+02, 8.47425903e+02, 6.90720459e+02,
       8.49207642e+02, 6.51136963e+02, 8.50804382e+02, 6.11696960e+02,
       8.52526733e+02, 5.72494507e+02, 8.54169739e+02, 5.33551697e+02,
       8.55642639e+02, 4.94699860e+02, 8.57245972e+02, 4.56132813e+02,
       8.58645203e+02, 7.68726501e+02, 8.05317200e+02, 7.28620300e+02,
       8.07181030e+02, 6.88791260e+02, 8.08942505e+02, 6.49220032e+02,
       8.10663086e+02, 6.09767212e+02, 8.12471436e+02, 5.70573853e+02,
       8.14242065e+02, 5.31662109e+02, 8.15770996e+02, 4.92840912e+02,
       8.17472778e+02, 4.54310242e+02, 8.19086304e+02, 7.66742676e+02,
       7.64712830e+02, 7.26715515e+02, 7.66653625e+02, 6.86934387e+02,
       7.68581299e+02, 6.47331421e+02, 7.70477417e+02, 6.07901672e+02,
       7.72374084e+02, 5.68739258e+02, 7.74134399e+02, 5.29852600e+02,
       7.75774841e+02, 4.91074646e+02, 7.77544434e+02, 4.52465515e+02,
       7.79339722e+02 ]
