%YAML:1.0
---
image_points: !!opencv-matrix
   rows: 54
   cols: 2
   dt: f
   data: [ 6.16120911e+02, 3.09216339e+02, 5.74375549e+02,
       3.12695709e+02, 5.33148315e+02, 3.16390076e+02, 4.92151794e+02,
       3.19882843e+02, 4.51488068e+02, 3.23502228e+02, 4.11273010e+02,
       3.27179840e+02, 3.71312500e+02, 3.30663055e+02, 3.31463257e+02,
       3.34351471e+02, 2.91867126e+02, 3.37796387e+02, 6.15150757e+02,
       2.68191803e+02, 5.73530579e+02, 2.71751312e+02, 5.32443909e+02,
       2.75475098e+02, 4.91589111e+02, 2.79163055e+02, 4.51198212e+02,
       2.82802856e+02, 4.10906464e+02, 2.86562531e+02, 3.71185760e+02,
       2.90316559e+02, 3.31415771e+02, 2.93909454e+02, 2.91991608e+02,
       2.97591339e+02, 6.14262085e+02, 2.27313675e+02, 5.72810913e+02,
       2.31100037e+02, 5.31787659e+02, 2.34741608e+02, 4.91178802e+02,
       2.38551987e+02, 4.50746643e+02, 2.42385193e+02, 4.10691833e+02,
       2.46211121e+02, 3.71011292e+02, 2.49870407e+02, 3.31408081e+02,
       2.53663544e+02, 2.92026672e+02, 2.57442322e+02, 6.13418762e+02,
       1.87026215e+02, 5.72199097e+02, 1.90759430e+02, 5.31341980e+02,
       1.94574265e+02, 4.90664001e+02, 1.98452087e+02, 4.50492188e+02,
       2.02328934e+02, 4.10493713e+02, 2.06134064e+02, 3.70777893e+02,
       2.09923447e+02, 3.31295166e+02, 2.13730225e+02, 2.91890900e+02,
       2.17537949e+02, 6.12580383e+02, 1.47253479e+02, 5.71514587e+02,
       1.51063660e+02, 5.30694336e+02, 1.54814178e+02, 4.90329865e+02,
       1.58639099e+02, 4.50186157e+02, 1.62543045e+02, 4.10283813e+02,
       1.66477310e+02, 3.70609467e+02, 1.70351089e+02, 3.31184998e+02,
       1.74241043e+02, 2.91809052e+02, 1.78008453e+02, 6.11758972e+02,
       1.07595490e+02, 5.70817627e+02, 1.11476639e+02, 5.30312805e+02,
       1.15366837e+02, 4.89832794e+02, 1.19202827e+02, 4.49761444e+02,
       1.23090187e+02, 4.09984039e+02, 1.26941368e+02, 3.70508423e+02,
       1.30872131e+02, 3.30957123e+02, 1.34718048e+02, 2.91683228e+02,
       1.38596588e+02 ]
