%YAML:1.0
---
image_points: !!opencv-matrix
   rows: 54
   cols: 2
   dt: f
   data: [ 8.92558472e+02, 1.10195813e+03, 8.53850098e+02,
       1.10042700e+03, 8.15432373e+02, 1.09869885e+03, 7.77077759e+02,
       1.09705908e+03, 7.38763489e+02, 1.09527405e+03, 7.00691528e+02,
       1.09340063e+03, 6.62775085e+02, 1.09149304e+03, 6.24859680e+02,
       1.08949890e+03, 5.87224426e+02, 1.08750012e+03, 8.93619080e+02,
       1.06423792e+03, 8.54905212e+02, 1.06259729e+03, 8.16438232e+02,
       1.06094397e+03, 7.77981140e+02, 1.05936194e+03, 7.39661804e+02,
       1.05754065e+03, 7.01540283e+02, 1.05569775e+03, 6.63615234e+02,
       1.05380542e+03, 6.25640076e+02, 1.05190039e+03, 5.87905396e+02,
       1.04992151e+03, 8.94744141e+02, 1.02600256e+03, 8.56053101e+02,
       1.02448608e+03, 8.17436523e+02, 1.02283282e+03, 7.78892334e+02,
       1.02132532e+03, 7.40582031e+02, 1.01953326e+03, 7.02454834e+02,
       1.01773846e+03, 6.64464966e+02, 1.01593250e+03, 6.26469116e+02,
       1.01411969e+03, 5.88645569e+02, 1.01221405e+03, 8.95884277e+02,
       9.87739380e+02, 8.57140381e+02, 9.86362854e+02, 8.18474670e+02,
       9.84699036e+02, 7.79869934e+02, 9.83197388e+02, 7.41518127e+02,
       9.81529175e+02, 7.03322693e+02, 9.79734131e+02, 6.65274902e+02,
       9.78063171e+02, 6.27270325e+02, 9.76246765e+02, 5.89381592e+02,
       9.74371521e+02, 8.97109924e+02, 9.49487610e+02, 8.58236816e+02,
       9.48036804e+02, 8.19486084e+02, 9.46541077e+02, 7.80839905e+02,
       9.45018799e+02, 7.42474854e+02, 9.43434082e+02, 7.04180908e+02,
       9.41694702e+02, 6.66053284e+02, 9.40114563e+02, 6.27913635e+02,
       9.38352539e+02, 5.90052856e+02, 9.36521851e+02, 8.98264587e+02,
       9.10791382e+02, 8.59335815e+02, 9.09482361e+02, 8.20539612e+02,
       9.08052429e+02, 7.81864685e+02, 9.06555725e+02, 7.43414734e+02,
       9.05058838e+02, 7.05055115e+02, 9.03467102e+02, 6.66827209e+02,
       9.01771240e+02, 6.28667114e+02, 9.00180725e+02, 5.90702393e+02,
       8.98452759e+02 ]
