%YAML:1.0
---
image_points: !!opencv-matrix
   rows: 54
   cols: 2
   dt: f
   data: [ 1.20807813e+03, 1.10743384e+03, 1.16960278e+03,
       1.10643323e+03, 1.13112769e+03, 1.10534583e+03, 1.09254321e+03,
       1.10418933e+03, 1.05387561e+03, 1.10282642e+03, 1.01518500e+03,
       1.10154968e+03, 9.76416077e+02, 1.10018115e+03, 9.37387573e+02,
       1.09861353e+03, 8.98432739e+02, 1.09708008e+03, 1.20979004e+03,
       1.06913049e+03, 1.17135974e+03, 1.06803137e+03, 1.13286914e+03,
       1.06683044e+03, 1.09435693e+03, 1.06566235e+03, 1.05563379e+03,
       1.06443250e+03, 1.01685748e+03, 1.06310693e+03, 9.78135559e+02,
       1.06158093e+03, 9.39198181e+02, 1.06014233e+03, 9.00166626e+02,
       1.05849060e+03, 1.21152063e+03, 1.03048242e+03, 1.17312793e+03,
       1.02939453e+03, 1.13465833e+03, 1.02828406e+03, 1.09606470e+03,
       1.02698560e+03, 1.05743005e+03, 1.02564026e+03, 1.01864868e+03,
       1.02438464e+03, 9.79894653e+02, 1.02281110e+03, 9.40912659e+02,
       1.02135345e+03, 9.01944397e+02, 1.01964050e+03, 1.21323315e+03,
       9.91865234e+02, 1.17480225e+03, 9.90730774e+02, 1.13641760e+03,
       9.89551880e+02, 1.09781006e+03, 9.88384644e+02, 1.05921741e+03,
       9.86996643e+02, 1.02043756e+03, 9.85579102e+02, 9.81625732e+02,
       9.84172974e+02, 9.42684631e+02, 9.82558350e+02, 9.03668579e+02,
       9.80879150e+02, 1.21484265e+03, 9.53394043e+02, 1.17649390e+03,
       9.52257751e+02, 1.13812683e+03, 9.50969238e+02, 1.09956946e+03,
       9.49662781e+02, 1.06092664e+03, 9.48400818e+02, 1.02218042e+03,
       9.46898926e+02, 9.83441467e+02, 9.45495239e+02, 9.44450867e+02,
       9.43817871e+02, 9.05441467e+02, 9.42291626e+02, 1.21649304e+03,
       9.14588928e+02, 1.17819958e+03, 9.13452942e+02, 1.13978809e+03,
       9.12227783e+02, 1.10130823e+03, 9.10841614e+02, 1.06265979e+03,
       9.09538452e+02, 1.02394385e+03, 9.08126038e+02, 9.85183289e+02,
       9.06562012e+02, 9.46250305e+02, 9.04971497e+02, 9.07227600e+02,
       9.03401855e+02 ]
