%YAML:1.0
---
image_points: !!opencv-matrix
   rows: 54
   cols: 2
   dt: f
   data: [ 5.89208313e+02, 1.07332288e+03, 5.51087708e+02,
       1.07261768e+03, 5.13322388e+02, 1.07195349e+03, 4.75612030e+02,
       1.07134937e+03, 4.38302124e+02, 1.07054529e+03, 4.01083893e+02,
       1.06981384e+03, 3.64089020e+02, 1.06918701e+03, 3.27078339e+02,
       1.06842981e+03, 2.90276062e+02, 1.06762927e+03, 5.88445618e+02,
       1.03521887e+03, 5.50382874e+02, 1.03454871e+03, 5.12514221e+02,
       1.03390161e+03, 4.74875671e+02, 1.03335474e+03, 4.37531128e+02,
       1.03263062e+03, 4.00378601e+02, 1.03201233e+03, 3.63411346e+02,
       1.03135474e+03, 3.26433838e+02, 1.03060437e+03, 2.89615204e+02,
       1.02997339e+03, 5.87715088e+02, 9.96631836e+02, 5.49626038e+02,
       9.96210999e+02, 5.11756378e+02, 9.95600525e+02, 4.74193146e+02,
       9.95106384e+02, 4.36755707e+02, 9.94472229e+02, 3.99571167e+02,
       9.93848145e+02, 3.62609589e+02, 9.93320923e+02, 3.25633026e+02,
       9.92633301e+02, 2.88868256e+02, 9.92136108e+02, 5.87176697e+02,
       9.58258423e+02, 5.48968567e+02, 9.57686707e+02, 5.11154846e+02,
       9.57331848e+02, 4.73473297e+02, 9.56739075e+02, 4.36079132e+02,
       9.56369995e+02, 3.98767303e+02, 9.55724365e+02, 3.61769043e+02,
       9.55322388e+02, 3.24819031e+02, 9.54674194e+02, 2.88028534e+02,
       9.54289612e+02, 5.86518799e+02, 9.19624146e+02, 5.48345764e+02,
       9.19342468e+02, 5.10447052e+02, 9.18876343e+02, 4.72704590e+02,
       9.18504517e+02, 4.35347656e+02, 9.18165161e+02, 3.98054688e+02,
       9.17645264e+02, 3.61020996e+02, 9.17306885e+02, 3.24017120e+02,
       9.16759155e+02, 2.87207611e+02, 9.16441345e+02, 5.85878479e+02,
       8.80781616e+02, 5.47698730e+02, 8.80548218e+02, 5.09760132e+02,
       8.80352966e+02, 4.72084106e+02, 8.80007202e+02, 4.34548767e+02,
       8.79644592e+02, 3.97325775e+02, 8.79409668e+02, 3.60284882e+02,
       8.79074646e+02, 3.23230865e+02, 8.78628113e+02, 2.86349030e+02,
       8.78390015e+02 ]
