%YAML:1.0
---
image_points: !!opencv-matrix
   rows: 54
   cols: 2
   dt: f
   data: [ 1.19719495e+03, 3.97135620e+02, 1.15263782e+03,
       3.96861694e+02, 1.10820654e+03, 3.96747803e+02, 1.06350977e+03,
       3.96644135e+02, 1.01863464e+03, 3.96623749e+02, 9.73730957e+02,
       3.96595703e+02, 9.28857239e+02, 3.96646179e+02, 8.83746826e+02,
       3.96705963e+02, 8.38544312e+02, 3.96789307e+02, 1.19456812e+03,
       3.56574921e+02, 1.15052930e+03, 3.56414429e+02, 1.10647717e+03,
       3.56221527e+02, 1.06225928e+03, 3.56036255e+02, 1.01784784e+03,
       3.55888641e+02, 9.73430908e+02, 3.55901825e+02, 9.28970642e+02,
       3.55921997e+02, 8.84349304e+02, 3.56129608e+02, 8.39624695e+02,
       3.56166443e+02, 1.19197546e+03, 3.16722595e+02, 1.14843750e+03,
       3.16498901e+02, 1.10468347e+03, 3.16262054e+02, 1.06093091e+03,
       3.15934998e+02, 1.01707599e+03, 3.15798737e+02, 9.73053955e+02,
       3.15742737e+02, 9.29069641e+02, 3.15716797e+02, 8.84788635e+02,
       3.15748688e+02, 8.40563843e+02, 3.15906311e+02, 1.18944751e+03,
       2.77830170e+02, 1.14634558e+03, 2.77487610e+02, 1.10312842e+03,
       2.77145660e+02, 1.05966980e+03, 2.76786072e+02, 1.01634363e+03,
       2.76640869e+02, 9.72616211e+02, 2.76482880e+02, 9.29185364e+02,
       2.76446899e+02, 8.85362061e+02, 2.76438751e+02, 8.41564026e+02,
       2.76427429e+02, 1.18680823e+03, 2.39850189e+02, 1.14421924e+03,
       2.39384079e+02, 1.10144885e+03, 2.38866592e+02, 1.05850732e+03,
       2.38482208e+02, 1.01548810e+03, 2.38287521e+02, 9.72396912e+02,
       2.38060959e+02, 9.29290161e+02, 2.37846771e+02, 8.85823914e+02,
       2.37790558e+02, 8.42524902e+02, 2.37785385e+02, 1.18437769e+03,
       2.02423004e+02, 1.14212854e+03, 2.01833572e+02, 1.09969873e+03,
       2.01386017e+02, 1.05735437e+03, 2.00799622e+02, 1.01464496e+03,
       2.00487793e+02, 9.72013611e+02, 2.00259903e+02, 9.29387207e+02,
       2.00057938e+02, 8.86414063e+02, 1.99841873e+02, 8.43486206e+02,
       1.99810684e+02 ]
