%YAML:1.0
---
image_points: !!opencv-matrix
   rows: 54
   cols: 2
   dt: f
   data: [ 1.66777063e+03, 3.89139801e+02, 1.62642798e+03,
       3.88387115e+02, 1.58488684e+03, 3.87608154e+02, 1.54320801e+03,
       3.86813416e+02, 1.50119958e+03, 3.86190216e+02, 1.45886108e+03,
       3.85433685e+02, 1.41644617e+03, 3.84641541e+02, 1.37349304e+03,
       3.83970917e+02, 1.33033435e+03, 3.83374268e+02, 1.66269263e+03,
       3.49213684e+02, 1.62155872e+03, 3.48415253e+02, 1.58036438e+03,
       3.47502533e+02, 1.53888098e+03, 3.46611755e+02, 1.49727515e+03,
       3.45806335e+02, 1.45525439e+03, 3.45105621e+02, 1.41311023e+03,
       3.44320190e+02, 1.37049500e+03, 3.43495056e+02, 1.32761511e+03,
       3.42729248e+02, 1.65755115e+03, 3.09657959e+02, 1.61669189e+03,
       3.08737152e+02, 1.57577844e+03, 3.07810852e+02, 1.53462048e+03,
       3.06862000e+02, 1.49325330e+03, 3.06082764e+02, 1.45157849e+03,
       3.05194885e+02, 1.40975366e+03, 3.04332306e+02, 1.36750452e+03,
       3.03457642e+02, 1.32502197e+03, 3.02602875e+02, 1.65242993e+03,
       2.70950256e+02, 1.61185181e+03, 2.69929657e+02, 1.57130298e+03,
       2.68868042e+02, 1.53041980e+03, 2.67873108e+02, 1.48935645e+03,
       2.66905212e+02, 1.44798840e+03, 2.65880096e+02, 1.40646899e+03,
       2.64950928e+02, 1.36456335e+03, 2.64053192e+02, 1.32241907e+03,
       2.63179657e+02, 1.64726123e+03, 2.32914307e+02, 1.60706152e+03,
       2.31816742e+02, 1.56672302e+03, 2.30667038e+02, 1.52624805e+03,
       2.29526367e+02, 1.48546545e+03, 2.28467194e+02, 1.44443103e+03,
       2.27427429e+02, 1.40330615e+03, 2.26397141e+02, 1.36165833e+03,
       2.25358810e+02, 1.31984033e+03, 2.24349350e+02, 1.64221814e+03,
       1.95336014e+02, 1.60225500e+03, 1.94207001e+02, 1.56226978e+03,
       1.92936356e+02, 1.52202954e+03, 1.91669464e+02, 1.48158459e+03,
       1.90491577e+02, 1.44086902e+03, 1.89387711e+02, 1.40004504e+03,
       1.88286438e+02, 1.35872180e+03, 1.87166534e+02, 1.31732458e+03,
       1.86077393e+02 ]
