%YAML:1.0
---
image_points: !!opencv-matrix
   rows: 54
   cols: 2
   dt: f
   data: [ 1.42536218e+03, 9.37734497e+02, 1.38679785e+03,
       9.40510376e+02, 1.34831177e+03, 9.43305725e+02, 1.30957227e+03,
       9.45921997e+02, 1.27067456e+03, 9.48582703e+02, 1.23169250e+03,
       9.51273315e+02, 1.19264661e+03, 9.53767639e+02, 1.15336072e+03,
       9.56369385e+02, 1.11386987e+03, 9.58762512e+02, 1.42368213e+03,
       8.99214661e+02, 1.38522095e+03, 9.01824829e+02, 1.34657471e+03,
       9.04519958e+02, 1.30785645e+03, 9.07259460e+02, 1.26900793e+03,
       9.09770630e+02, 1.22989136e+03, 9.12434570e+02, 1.19076062e+03,
       9.14901062e+02, 1.15145056e+03, 9.17476624e+02, 1.11185669e+03,
       9.19827515e+02, 1.42204150e+03, 8.60247681e+02, 1.38349927e+03,
       8.62787842e+02, 1.34488904e+03, 8.65505615e+02, 1.30614709e+03,
       8.68184998e+02, 1.26723950e+03, 8.70654297e+02, 1.22812817e+03,
       8.73333801e+02, 1.18887048e+03, 8.75711792e+02, 1.14946289e+03,
       8.78277527e+02, 1.10984546e+03, 8.80613403e+02, 1.42029541e+03,
       8.21266235e+02, 1.38170093e+03, 8.23785706e+02, 1.34316077e+03,
       8.26446228e+02, 1.30435193e+03, 8.29000977e+02, 1.26538086e+03,
       8.31517273e+02, 1.22628149e+03, 8.34060913e+02, 1.18695862e+03,
       8.36523621e+02, 1.14749316e+03, 8.38936584e+02, 1.10786609e+03,
       8.41398376e+02, 1.41844128e+03, 7.82228577e+02, 1.37984790e+03,
       7.84689514e+02, 1.34133472e+03, 7.87348206e+02, 1.30248621e+03,
       7.89738342e+02, 1.26350354e+03, 7.92368530e+02, 1.22434290e+03,
       7.94757141e+02, 1.18513159e+03, 7.97328369e+02, 1.14552930e+03,
       7.99625244e+02, 1.10584875e+03, 8.02090332e+02, 1.41651733e+03,
       7.42854126e+02, 1.37796509e+03, 7.45451599e+02, 1.33940686e+03,
       7.47874573e+02, 1.30055713e+03, 7.50440491e+02, 1.26156201e+03,
       7.52819702e+02, 1.22243262e+03, 7.55378418e+02, 1.18313013e+03,
       7.57675537e+02, 1.14353223e+03, 7.60185486e+02, 1.10380737e+03,
       7.62505066e+02 ]
