%YAML:1.0
---
image_points: !!opencv-matrix
   rows: 54
   cols: 2
   dt: f
   data: [ 1.28584216e+03, 9.63254089e+02, 1.23645068e+03,
       9.62567871e+02, 1.18682617e+03, 9.61903931e+02, 1.13694617e+03,
       9.61115173e+02, 1.08679797e+03, 9.60249756e+02, 1.03651160e+03,
       9.59297668e+02, 9.86180725e+02, 9.58200989e+02, 9.35446899e+02,
       9.56966370e+02, 8.84666748e+02, 9.55729919e+02, 1.27891235e+03,
       9.21143188e+02, 1.23063770e+03, 9.20488953e+02, 1.18228418e+03,
       9.19636658e+02, 1.13354504e+03, 9.18751892e+02, 1.08462109e+03,
       9.17827393e+02, 1.03551294e+03, 9.16817444e+02, 9.86390503e+02,
       9.15771790e+02, 9.36802856e+02, 9.14596252e+02, 8.87411194e+02,
       9.13425537e+02, 1.27225220e+03, 8.80651978e+02, 1.22514075e+03,
       8.79992615e+02, 1.17776135e+03, 8.79124512e+02, 1.13028662e+03,
       8.78186584e+02, 1.08249915e+03, 8.77266846e+02, 1.03454077e+03,
       8.76198792e+02, 9.86549866e+02, 8.75039490e+02, 9.38325073e+02,
       8.73809753e+02, 8.89959839e+02, 8.72602173e+02, 1.26578894e+03,
       8.42233093e+02, 1.21973035e+03, 8.41361816e+02, 1.17357263e+03,
       8.40388733e+02, 1.12717297e+03, 8.39396790e+02, 1.08049744e+03,
       8.38381470e+02, 1.03360107e+03, 8.37257446e+02, 9.86703613e+02,
       8.36073120e+02, 9.39579346e+02, 8.34799072e+02, 8.92472900e+02,
       8.33549988e+02, 1.25961877e+03, 8.05423401e+02, 1.21465002e+03,
       8.04450195e+02, 1.16952319e+03, 8.03371948e+02, 1.12415186e+03,
       8.02225403e+02, 1.07854736e+03, 8.01105652e+02, 1.03273242e+03,
       7.99876282e+02, 9.86975708e+02, 7.98667847e+02, 9.40858948e+02,
       7.97445374e+02, 8.94784790e+02, 7.96120789e+02, 1.25368042e+03,
       7.69854919e+02, 1.20964758e+03, 7.68803833e+02, 1.16557117e+03,
       7.67670532e+02, 1.12126709e+03, 7.66480652e+02, 1.07663708e+03,
       7.65298157e+02, 1.03193506e+03, 7.64019714e+02, 9.87261963e+02,
       7.62726318e+02, 9.42187744e+02, 7.61488220e+02, 8.97174622e+02,
       7.60134583e+02 ]
