%YAML:1.0
---
image_points: !!opencv-matrix
   rows: 54
   cols: 2
   dt: f
   data: [ 1.43652014e+03, 3.52510010e+02, 1.39229114e+03,
       3.53144562e+02, 1.34798804e+03, 3.53722534e+02, 1.30355920e+03,
       3.54440796e+02, 1.25903284e+03, 3.55229279e+02, 1.21441345e+03,
       3.55912354e+02, 1.16968945e+03, 3.56685577e+02, 1.12473804e+03,
       3.57556610e+02, 1.07982190e+03, 3.58485718e+02, 1.43151013e+03,
       3.12705017e+02, 1.38763892e+03, 3.13400360e+02, 1.34379517e+03,
       3.13901306e+02, 1.29979517e+03, 3.14560394e+02, 1.25575916e+03,
       3.15357147e+02, 1.21156238e+03, 3.16073029e+02, 1.16742944e+03,
       3.16792511e+02, 1.12290723e+03, 3.17665405e+02, 1.07850647e+03,
       3.18563812e+02, 1.42645593e+03, 2.73642853e+02, 1.38309741e+03,
       2.74311829e+02, 1.33966626e+03, 2.74720001e+02, 1.29618774e+03,
       2.75384705e+02, 1.25251648e+03, 2.76124084e+02, 1.20876111e+03,
       2.76716980e+02, 1.16509790e+03, 2.77533783e+02, 1.12112195e+03,
       2.78424652e+02, 1.07714661e+03, 2.79352570e+02, 1.42147083e+03,
       2.35559952e+02, 1.37854077e+03, 2.36052048e+02, 1.33559265e+03,
       2.36498001e+02, 1.29252051e+03, 2.37112091e+02, 1.24939111e+03,
       2.37669907e+02, 1.20606982e+03, 2.38411743e+02, 1.16271545e+03,
       2.39182831e+02, 1.11931311e+03, 2.39921524e+02, 1.07570581e+03,
       2.40731064e+02, 1.41650586e+03, 1.98386749e+02, 1.37404211e+03,
       1.98688202e+02, 1.33153149e+03, 1.99185715e+02, 1.28890515e+03,
       1.99560455e+02, 1.24625293e+03, 2.00216949e+02, 1.20338562e+03,
       2.00756287e+02, 1.16051208e+03, 2.01496384e+02, 1.11747034e+03,
       2.02344055e+02, 1.07444360e+03, 2.03182358e+02, 1.41161206e+03,
       1.61613327e+02, 1.36955139e+03, 1.62063217e+02, 1.32751904e+03,
       1.62442352e+02, 1.28536316e+03, 1.62743271e+02, 1.24308154e+03,
       1.63347198e+02, 1.20062708e+03, 1.63873764e+02, 1.15836853e+03,
       1.64560379e+02, 1.11561584e+03, 1.65358307e+02, 1.07313806e+03,
       1.66172333e+02 ]
