%YAML:1.0
---
image_points: !!opencv-matrix
   rows: 54
   cols: 2
   dt: f
   data: [ 9.53118286e+02, 7.75501099e+02, 9.11180847e+02,
       7.75965454e+02, 8.69391418e+02, 7.76440430e+02, 8.27602234e+02,
       7.76772034e+02, 7.86114136e+02, 7.77241943e+02, 7.44584351e+02,
       7.77511353e+02, 7.03373901e+02, 7.77765991e+02, 6.62026123e+02,
       7.78156006e+02, 6.20933289e+02, 7.78407227e+02, 9.52540405e+02,
       7.33856812e+02, 9.10560120e+02, 7.34422058e+02, 8.68718384e+02,
       7.34788147e+02, 8.27049011e+02, 7.35357300e+02, 7.85432068e+02,
       7.35657349e+02, 7.43873718e+02, 7.36151245e+02, 7.02589844e+02,
       7.36465637e+02, 6.61321350e+02, 7.36730042e+02, 6.20213074e+02,
       7.37127380e+02, 9.52061890e+02, 6.91959290e+02, 9.10093445e+02,
       6.92501221e+02, 8.68258667e+02, 6.92990417e+02, 8.26423767e+02,
       6.93487122e+02, 7.84735962e+02, 6.93883179e+02, 7.43291077e+02,
       6.94424133e+02, 7.01929138e+02, 6.94716431e+02, 6.60586670e+02,
       6.95233826e+02, 6.19496460e+02, 6.95529114e+02, 9.51546936e+02,
       6.50178284e+02, 9.09520203e+02, 6.50639587e+02, 8.67632935e+02,
       6.51240967e+02, 8.25817444e+02, 6.51638000e+02, 7.84239990e+02,
       6.52256897e+02, 7.42603943e+02, 6.52616211e+02, 7.01290649e+02,
       6.53193604e+02, 6.59935059e+02, 6.53550903e+02, 6.18741516e+02,
       6.54030334e+02, 9.51059265e+02, 6.08379578e+02, 9.09027405e+02,
       6.08817505e+02, 8.67172424e+02, 6.09443359e+02, 8.25343933e+02,
       6.09887451e+02, 7.83617737e+02, 6.10466248e+02, 7.42032898e+02,
       6.11000427e+02, 7.00651245e+02, 6.11527039e+02, 6.59307434e+02,
       6.12049988e+02, 6.18154785e+02, 6.12516968e+02, 9.50523254e+02,
       5.66381287e+02, 9.08524780e+02, 5.66819214e+02, 8.66609497e+02,
       5.67451782e+02, 8.24749451e+02, 5.68001343e+02, 7.83091064e+02,
       5.68552063e+02, 7.41493896e+02, 5.69181702e+02, 7.00107971e+02,
       5.69647644e+02, 6.58645447e+02, 5.70335999e+02, 6.17469055e+02,
       5.70816772e+02 ]
