%YAML:1.0
---
image_points: !!opencv-matrix
   rows: 54
   cols: 2
   dt: f
   data: [ 9.23379272e+02, 9.80686096e+02, 8.83403809e+02,
       9.80848511e+02, 8.43572144e+02, 9.80973999e+02, 8.03980591e+02,
       9.81022827e+02, 7.64523987e+02, 9.80941711e+02, 7.25269531e+02,
       9.80843628e+02, 6.86160522e+02, 9.80681030e+02, 6.47026306e+02,
       9.80532593e+02, 6.08150940e+02, 9.80346497e+02, 9.22905762e+02,
       9.40835876e+02, 8.82996704e+02, 9.41111145e+02, 8.43334656e+02,
       9.41248413e+02, 8.03631592e+02, 9.41336243e+02, 7.64298828e+02,
       9.41351868e+02, 7.24958496e+02, 9.41330933e+02, 6.85873352e+02,
       9.41238098e+02, 6.46825623e+02, 9.41087524e+02, 6.08070618e+02,
       9.40781860e+02, 9.22530212e+02, 9.00744812e+02, 8.82631653e+02,
       9.01041565e+02, 8.42946960e+02, 9.01281128e+02, 8.03394104e+02,
       9.01403687e+02, 7.64035400e+02, 9.01462219e+02, 7.24724487e+02,
       9.01511597e+02, 6.85724487e+02, 9.01476135e+02, 6.46724304e+02,
       9.01418762e+02, 6.08027344e+02, 9.01329834e+02, 9.22212219e+02,
       8.60808716e+02, 8.82357178e+02, 8.61214478e+02, 8.42630310e+02,
       8.61390503e+02, 8.03184998e+02, 8.61547729e+02, 7.63761169e+02,
       8.61674316e+02, 7.24567749e+02, 8.61745300e+02, 6.85560181e+02,
       8.61796692e+02, 6.46634583e+02, 8.61774109e+02, 6.07877441e+02,
       8.61756165e+02, 9.21756409e+02, 8.21010132e+02, 8.81983948e+02,
       8.21393799e+02, 8.42407654e+02, 8.21604675e+02, 8.02868225e+02,
       8.21823120e+02, 7.63568665e+02, 8.22126099e+02, 7.24426819e+02,
       8.22312134e+02, 6.85477722e+02, 8.22415710e+02, 6.46556824e+02,
       8.22462097e+02, 6.07814941e+02, 8.22486572e+02, 9.21446472e+02,
       7.81082336e+02, 8.81659302e+02, 7.81443359e+02, 8.42171448e+02,
       7.81710510e+02, 8.02653442e+02, 7.82118286e+02, 7.63414795e+02,
       7.82410034e+02, 7.24324707e+02, 7.82561218e+02, 6.85403809e+02,
       7.82710205e+02, 6.46490356e+02, 7.82886047e+02, 6.07792175e+02,
       7.83077942e+02 ]
