%YAML:1.0
---
image_points: !!opencv-matrix
   rows: 54
   cols: 2
   dt: f
   data: [ 6.15114868e+02, 7.69770996e+02, 5.75126160e+02,
       7.72260193e+02, 5.35565308e+02, 7.74507385e+02, 4.96296814e+02,
       7.76747314e+02, 4.57279541e+02, 7.79121521e+02, 4.18518402e+02,
       7.81378540e+02, 3.80063354e+02, 7.83550842e+02, 3.41613708e+02,
       7.85736938e+02, 3.03422821e+02, 7.88063843e+02, 6.12074036e+02,
       7.29273804e+02, 5.72142578e+02, 7.31627808e+02, 5.32517334e+02,
       7.34141174e+02, 4.93244965e+02, 7.36515381e+02, 4.54245514e+02,
       7.38869202e+02, 4.15434204e+02, 7.41348877e+02, 3.77028412e+02,
       7.43586975e+02, 3.38575348e+02, 7.46001770e+02, 3.00465363e+02,
       7.48374146e+02, 6.09157593e+02, 6.88326111e+02, 5.69225098e+02,
       6.90785706e+02, 5.29531067e+02, 6.93441589e+02, 4.90235504e+02,
       6.95941406e+02, 4.51250275e+02, 6.98466003e+02, 4.12461121e+02,
       7.00964478e+02, 3.74028870e+02, 7.03446045e+02, 3.35606873e+02,
       7.05872314e+02, 2.97524200e+02, 7.08398743e+02, 6.06291199e+02,
       6.47465698e+02, 5.66311890e+02, 6.50160034e+02, 5.26630432e+02,
       6.52700500e+02, 4.87326721e+02, 6.55467041e+02, 4.48340179e+02,
       6.58171692e+02, 4.09498077e+02, 6.60645935e+02, 3.71016907e+02,
       6.63364441e+02, 3.32633301e+02, 6.65823792e+02, 2.94503784e+02,
       6.68483521e+02, 6.03459106e+02, 6.06587708e+02, 5.63465271e+02,
       6.09450684e+02, 5.23792114e+02, 6.12260986e+02, 4.84446747e+02,
       6.14908142e+02, 4.45419617e+02, 6.17660706e+02, 4.06572662e+02,
       6.20473755e+02, 3.68142120e+02, 6.23256226e+02, 3.29691559e+02,
       6.25867920e+02, 2.91527893e+02, 6.28585876e+02, 6.00671204e+02,
       5.65567322e+02, 5.60690186e+02, 5.68521484e+02, 5.21094177e+02,
       5.71457275e+02, 4.81635132e+02, 5.74355042e+02, 4.42559387e+02,
       5.77297913e+02, 4.03723938e+02, 5.80110413e+02, 3.65298920e+02,
       5.82881165e+02, 3.26770782e+02, 5.85706787e+02, 2.88588013e+02,
       5.88553223e+02 ]
