%YAML:1.0
---
image_points: !!opencv-matrix
   rows: 54
   cols: 2
   dt: f
   data: [ 7.25611267e+02, 7.73205627e+02, 6.84682068e+02,
       7.75298279e+02, 6.44204895e+02, 7.77335205e+02, 6.03719910e+02,
       7.79373779e+02, 5.63604614e+02, 7.81328796e+02, 5.23733704e+02,
       7.83313904e+02, 4.84193176e+02, 7.85249146e+02, 4.44582367e+02,
       7.87180542e+02, 4.05317291e+02, 7.89051514e+02, 7.23060669e+02,
       7.32187378e+02, 6.82141479e+02, 7.34346497e+02, 6.41475708e+02,
       7.36447998e+02, 6.01109802e+02, 7.38511169e+02, 5.60911560e+02,
       7.40568665e+02, 5.21026978e+02, 7.42627563e+02, 4.81429871e+02,
       7.44641174e+02, 4.41814392e+02, 7.46676453e+02, 4.02552917e+02,
       7.48645264e+02, 7.20479309e+02, 6.90708130e+02, 6.79550049e+02,
       6.93056824e+02, 6.38816467e+02, 6.95311035e+02, 5.98401489e+02,
       6.97478149e+02, 5.58309570e+02, 6.99561768e+02, 5.18374939e+02,
       7.01717346e+02, 4.78688843e+02, 7.03859314e+02, 4.39175629e+02,
       7.06120300e+02, 3.99832245e+02, 7.08219788e+02, 7.17979675e+02,
       6.49491699e+02, 6.76982849e+02, 6.51750366e+02, 6.36330322e+02,
       6.54149292e+02, 5.95785095e+02, 6.56432739e+02, 5.55651367e+02,
       6.58632690e+02, 5.15645813e+02, 6.60872620e+02, 4.76031403e+02,
       6.63258606e+02, 4.36485565e+02, 6.65413635e+02, 3.97171906e+02,
       6.67583008e+02, 7.15517761e+02, 6.08270935e+02, 6.74509277e+02,
       6.10583252e+02, 6.33758606e+02, 6.12978882e+02, 5.93345703e+02,
       6.15400879e+02, 5.53138550e+02, 6.17667480e+02, 5.13125916e+02,
       6.20153687e+02, 4.73430908e+02, 6.22479126e+02, 4.33805176e+02,
       6.24704041e+02, 3.94470032e+02, 6.27140503e+02, 7.13135925e+02,
       5.66665710e+02, 6.72169861e+02, 5.69272888e+02, 6.31394836e+02,
       5.71617676e+02, 5.90811157e+02, 5.74212158e+02, 5.50577454e+02,
       5.76567627e+02, 5.10554871e+02, 5.79123657e+02, 4.70854279e+02,
       5.81509094e+02, 4.31270416e+02, 5.83922668e+02, 3.91766083e+02,
       5.86444580e+02 ]
