%YAML:1.0
---
image_points: !!opencv-matrix
   rows: 54
   cols: 2
   dt: f
   data: [ 7.47063110e+02, 9.61711243e+02, 7.07039368e+02,
       9.63566711e+02, 6.67331543e+02, 9.65345886e+02, 6.27698975e+02,
       9.67050720e+02, 5.88427795e+02, 9.68625549e+02, 5.49297668e+02,
       9.70312012e+02, 5.10413513e+02, 9.71764648e+02, 4.71497009e+02,
       9.73397034e+02, 4.32763367e+02, 9.74838989e+02, 7.44714966e+02,
       9.21641113e+02, 7.04725098e+02, 9.23514404e+02, 6.65067627e+02,
       9.25355042e+02, 6.25522461e+02, 9.27118591e+02, 5.86247681e+02,
       9.28745361e+02, 5.47143372e+02, 9.30482788e+02, 5.08303467e+02,
       9.32127075e+02, 4.69450104e+02, 9.33649109e+02, 4.30807251e+02,
       9.35307617e+02, 7.42501038e+02, 8.81315369e+02, 7.02539490e+02,
       8.83258301e+02, 6.62793762e+02, 8.85137512e+02, 6.23313721e+02,
       8.86898987e+02, 5.84081482e+02, 8.88635559e+02, 5.45000732e+02,
       8.90464233e+02, 5.06231567e+02, 8.92194336e+02, 4.67443115e+02,
       8.93759338e+02, 4.28915619e+02, 8.95467529e+02, 7.40353394e+02,
       8.40968872e+02, 7.00387756e+02, 8.43004028e+02, 6.60648376e+02,
       8.44871277e+02, 6.21214172e+02, 8.46790710e+02, 5.81966614e+02,
       8.48662476e+02, 5.42873108e+02, 8.50512573e+02, 5.04126709e+02,
       8.52371582e+02, 4.65436340e+02, 8.54068604e+02, 4.26913239e+02,
       8.55716064e+02, 7.38210693e+02, 8.00725037e+02, 6.98235229e+02,
       8.02778748e+02, 6.58548462e+02, 8.04810669e+02, 6.19130371e+02,
       8.06777039e+02, 5.79860474e+02, 8.08728455e+02, 5.40818115e+02,
       8.10628418e+02, 5.02124939e+02, 8.12561768e+02, 4.63419373e+02,
       8.14439148e+02, 4.24923767e+02, 8.16281006e+02, 7.36030518e+02,
       7.60429504e+02, 6.96196716e+02, 7.62512756e+02, 6.56536194e+02,
       7.64596313e+02, 6.17073669e+02, 7.66648804e+02, 5.77815430e+02,
       7.68683716e+02, 5.38811462e+02, 7.70667969e+02, 5.00176300e+02,
       7.72642395e+02, 4.61454224e+02, 7.74589661e+02, 4.23008820e+02,
       7.76521301e+02 ]
