%YAML:1.0
---
image_points: !!opencv-matrix
   rows: 54
   cols: 2
   dt: f
   data: [ 6.13201660e+02, 9.58704102e+02, 5.73240112e+02,
       9.61324219e+02, 5.33635010e+02, 9.63692688e+02, 4.94292145e+02,
       9.66248718e+02, 4.55148743e+02, 9.68547241e+02, 4.16151611e+02,
       9.70915894e+02, 3.77383759e+02, 9.73373779e+02, 3.38546204e+02,
       9.75673462e+02, 2.99861359e+02, 9.78206421e+02, 6.09442139e+02,
       9.18813416e+02, 5.69504333e+02, 9.21448853e+02, 5.29859375e+02,
       9.23930969e+02, 4.90473633e+02, 9.26491943e+02, 4.51317566e+02,
       9.28929077e+02, 4.12302643e+02, 9.31443359e+02, 3.73529419e+02,
       9.33808289e+02, 3.34726746e+02, 9.36345703e+02, 2.96183838e+02,
       9.38675842e+02, 6.05706482e+02, 8.78542236e+02, 5.65773499e+02,
       8.81283386e+02, 5.26181580e+02, 8.83791931e+02, 4.86623413e+02,
       8.86479736e+02, 4.47498779e+02, 8.88973389e+02, 4.08506714e+02,
       8.91543396e+02, 3.69714264e+02, 8.94088806e+02, 3.30960968e+02,
       8.96550598e+02, 2.92434357e+02, 8.99113770e+02, 6.02172729e+02,
       8.38310669e+02, 5.62186523e+02, 8.40961243e+02, 5.22454041e+02,
       8.43632751e+02, 4.82950043e+02, 8.46412354e+02, 4.43743683e+02,
       8.49067444e+02, 4.04684937e+02, 8.51615540e+02, 3.65897247e+02,
       8.54330627e+02, 3.27241760e+02, 8.56765625e+02, 2.88573700e+02,
       8.59439575e+02, 5.98558960e+02, 7.97782593e+02, 5.58537048e+02,
       8.00631592e+02, 5.18774231e+02, 8.03484009e+02, 4.79309052e+02,
       8.06314270e+02, 4.40055115e+02, 8.09033752e+02, 4.00983032e+02,
       8.11657104e+02, 3.62200806e+02, 8.14452637e+02, 3.23401306e+02,
       8.17187317e+02, 2.84754028e+02, 8.19763184e+02, 5.95089966e+02,
       7.57228333e+02, 5.55030701e+02, 7.60115967e+02, 5.15267822e+02,
       7.62980591e+02, 4.75634125e+02, 7.65817871e+02, 4.36383667e+02,
       7.68670288e+02, 3.97306305e+02, 7.71540466e+02, 3.58447540e+02,
       7.74414307e+02, 3.19600800e+02, 7.77209167e+02, 2.80983582e+02,
       7.79892822e+02 ]
