%YAML:1.0
---
image_points: !!opencv-matrix
   rows: 54
   cols: 2
   dt: f
   data: [ 8.73688660e+02, 9.79720642e+02, 8.33743469e+02,
       9.80361145e+02, 7.94072144e+02, 9.80732544e+02, 7.54466797e+02,
       9.81229248e+02, 7.15018127e+02, 9.81520508e+02, 6.75677917e+02,
       9.81737000e+02, 6.36585449e+02, 9.82042114e+02, 5.97464539e+02,
       9.82267822e+02, 5.58531067e+02, 9.82387634e+02, 8.72997437e+02,
       9.39880920e+02, 8.33117004e+02, 9.40499023e+02, 7.93418762e+02,
       9.40965942e+02, 7.53773682e+02, 9.41464722e+02, 7.14415283e+02,
       9.41771301e+02, 6.75160339e+02, 9.42233032e+02, 6.36090088e+02,
       9.42432739e+02, 5.96986084e+02, 9.42631165e+02, 5.58171631e+02,
       9.42766052e+02, 8.72345703e+02, 8.99773499e+02, 8.32468872e+02,
       9.00460144e+02, 7.92725891e+02, 9.01003357e+02, 7.53215820e+02,
       9.01507568e+02, 7.13790283e+02, 9.01915588e+02, 6.74564026e+02,
       9.02396362e+02, 6.35570679e+02, 9.02605103e+02, 5.96548340e+02,
       9.02889587e+02, 5.57721863e+02, 9.03222900e+02, 8.71615601e+02,
       8.59847229e+02, 8.31748047e+02, 8.60557495e+02, 7.92197449e+02,
       8.61190063e+02, 7.52608154e+02, 8.61627808e+02, 7.13313232e+02,
       8.62251343e+02, 6.74093811e+02, 8.62577393e+02, 6.35079529e+02,
       8.63010864e+02, 5.96174561e+02, 8.63352417e+02, 5.57382690e+02,
       8.63600159e+02, 8.70971619e+02, 8.20081360e+02, 8.31216187e+02,
       8.20684692e+02, 7.91552246e+02, 8.21418091e+02, 7.52125183e+02,
       8.21915894e+02, 7.12712036e+02, 8.22501465e+02, 6.73548462e+02,
       8.22956726e+02, 6.34577209e+02, 8.23479370e+02, 5.95662659e+02,
       8.23803833e+02, 5.56949524e+02, 8.24296814e+02, 8.70343140e+02,
       7.80131226e+02, 8.30554688e+02, 7.80724670e+02, 7.91019104e+02,
       7.81476013e+02, 7.51530334e+02, 7.82146912e+02, 7.12295532e+02,
       7.82668884e+02, 6.73164856e+02, 7.83337463e+02, 6.34261414e+02,
       7.83748291e+02, 5.95345886e+02, 7.84346680e+02, 5.56593811e+02,
       7.84689087e+02 ]
