%YAML:1.0
---
image_points: !!opencv-matrix
   rows: 54
   cols: 2
   dt: f
   data: [ 1.18835437e+03, 7.16490295e+02, 1.15803467e+03,
       7.27586365e+02, 1.12703186e+03, 7.38916687e+02, 1.09530713e+03,
       7.50549255e+02, 1.06269800e+03, 7.62408081e+02, 1.02933887e+03,
       7.74487488e+02, 9.95135193e+02, 7.86822632e+02, 9.59935730e+02,
       7.99439331e+02, 9.23882385e+02, 8.12317322e+02, 1.18355115e+03,
       6.81691895e+02, 1.15297034e+03, 6.92483582e+02, 1.12168127e+03,
       7.03461548e+02, 1.08963867e+03, 7.14727478e+02, 1.05679553e+03,
       7.26301453e+02, 1.02302167e+03, 7.38043457e+02, 9.88499390e+02,
       7.50016357e+02, 9.52953735e+02, 7.62339294e+02, 9.16495911e+02,
       7.74832703e+02, 1.17869763e+03, 6.46268677e+02, 1.14780322e+03,
       6.56630737e+02, 1.11639819e+03, 6.67333069e+02, 1.08395557e+03,
       6.78248047e+02, 1.05072253e+03, 6.89367432e+02, 1.01668488e+03,
       7.00791748e+02, 9.81804443e+02, 7.12451172e+02, 9.45878235e+02,
       7.24411682e+02, 9.09158203e+02, 7.36555359e+02, 1.17378784e+03,
       6.10380005e+02, 1.14270386e+03, 6.20439758e+02, 1.11086060e+03,
       6.30625244e+02, 1.07831970e+03, 6.41244507e+02, 1.04469824e+03,
       6.51994141e+02, 1.01039825e+03, 6.63045166e+02, 9.75142517e+02,
       6.74379578e+02, 9.38858643e+02, 6.85925354e+02, 9.01711060e+02,
       6.97779053e+02, 1.16879614e+03, 5.73989929e+02, 1.13748669e+03,
       5.83666565e+02, 1.10544434e+03, 5.93583557e+02, 1.07250549e+03,
       6.03716187e+02, 1.03873303e+03, 6.14208069e+02, 1.00398267e+03,
       6.24804871e+02, 9.68523621e+02, 6.35754028e+02, 9.31882507e+02,
       6.47013123e+02, 8.94409607e+02, 6.58517883e+02, 1.16382483e+03,
       5.37021729e+02, 1.13228149e+03, 5.46318665e+02, 1.09984961e+03,
       5.55793762e+02, 1.06667236e+03, 5.65608276e+02, 1.03263574e+03,
       5.75613708e+02, 9.97641052e+02, 5.85902344e+02, 9.61759827e+02,
       5.96447510e+02, 9.24821899e+02, 6.07308777e+02, 8.87003906e+02,
       6.18410461e+02 ]
