%YAML:1.0
---
image_points: !!opencv-matrix
   rows: 54
   cols: 2
   dt: f
   data: [ 1.56849731e+03, 5.61279175e+02, 1.52663818e+03,
       5.61588318e+02, 1.48477747e+03, 5.62098572e+02, 1.44282312e+03,
       5.62515869e+02, 1.40072400e+03, 5.62942322e+02, 1.35851318e+03,
       5.63454285e+02, 1.31627771e+03, 5.63906372e+02, 1.27359985e+03,
       5.64473083e+02, 1.23096814e+03, 5.64961670e+02, 1.56832141e+03,
       5.18771667e+02, 1.52645410e+03, 5.19298828e+02, 1.48455994e+03,
       5.19554932e+02, 1.44257507e+03, 5.20021545e+02, 1.40047449e+03,
       5.20472290e+02, 1.35820398e+03, 5.20864197e+02, 1.31578784e+03,
       5.21402954e+02, 1.27326306e+03, 5.21794617e+02, 1.23051318e+03,
       5.22420593e+02, 1.56798401e+03, 4.76282013e+02, 1.52613806e+03,
       4.76529510e+02, 1.48429004e+03, 4.76875702e+02, 1.44222791e+03,
       4.77347260e+02, 1.40006628e+03, 4.77617767e+02, 1.35771887e+03,
       4.78186707e+02, 1.31543127e+03, 4.78535675e+02, 1.27269238e+03,
       4.79079681e+02, 1.23003711e+03, 4.79520325e+02, 1.56753540e+03,
       4.33633881e+02, 1.52562756e+03, 4.33996918e+02, 1.48373279e+03,
       4.34344696e+02, 1.44170398e+03, 4.34587372e+02, 1.39956580e+03,
       4.34994843e+02, 1.35733508e+03, 4.35409027e+02, 1.31482947e+03,
       4.35741882e+02, 1.27229065e+03, 4.36330566e+02, 1.22952283e+03,
       4.36718964e+02, 1.56694641e+03, 3.91320557e+02, 1.52513794e+03,
       3.91503876e+02, 1.48327966e+03, 3.91691589e+02, 1.44124744e+03,
       3.92052673e+02, 1.39907117e+03, 3.92415802e+02, 1.35666907e+03,
       3.92678497e+02, 1.31440979e+03, 3.93229828e+02, 1.27166443e+03,
       3.93567352e+02, 1.22891650e+03, 3.94173157e+02, 1.56637244e+03,
       3.48598846e+02, 1.52446790e+03, 3.48818329e+02, 1.48258203e+03,
       3.49176453e+02, 1.44056470e+03, 3.49397766e+02, 1.39845349e+03,
       3.49604279e+02, 1.35617004e+03, 3.49971893e+02, 1.31369836e+03,
       3.50419464e+02, 1.27113184e+03, 3.50753296e+02, 1.22840002e+03,
       3.51364532e+02 ]
