%YAML:1.0
---
image_points: !!opencv-matrix
   rows: 54
   cols: 2
   dt: f
   data: [ 8.57154968e+02, 1.11672009e+03, 8.18561768e+02,
       1.11550317e+03, 7.80378479e+02, 1.11413171e+03, 7.42260681e+02,
       1.11264197e+03, 7.04322021e+02, 1.11120190e+03, 6.66504700e+02,
       1.10958826e+03, 6.28916992e+02, 1.10801575e+03, 5.91414001e+02,
       1.10635706e+03, 5.54090454e+02, 1.10461682e+03, 8.57649780e+02,
       1.07890247e+03, 8.19219543e+02, 1.07760120e+03, 7.80803589e+02,
       1.07635034e+03, 7.42646667e+02, 1.07489954e+03, 7.04674011e+02,
       1.07348743e+03, 6.66843872e+02, 1.07197424e+03, 6.29405762e+02,
       1.07040906e+03, 5.91745789e+02, 1.06875146e+03, 5.54491333e+02,
       1.06715906e+03, 8.58366089e+02, 1.04065137e+03, 8.19703491e+02,
       1.03949841e+03, 7.81435730e+02, 1.03827124e+03, 7.43243408e+02,
       1.03685022e+03, 7.05276489e+02, 1.03546997e+03, 6.67412231e+02,
       1.03406372e+03, 6.29735779e+02, 1.03253662e+03, 5.92283020e+02,
       1.03098999e+03, 5.54825500e+02, 1.02942273e+03, 8.58921387e+02,
       1.00247614e+03, 8.20392761e+02, 1.00135120e+03, 7.81926758e+02,
       1.00012036e+03, 7.43662964e+02, 9.98767151e+02, 7.05653625e+02,
       9.97519104e+02, 6.67747620e+02, 9.96138306e+02, 6.30203552e+02,
       9.94644531e+02, 5.92555969e+02, 9.93245239e+02, 5.55211609e+02,
       9.91649353e+02, 8.59564819e+02, 9.64202942e+02, 8.20875305e+02,
       9.63092163e+02, 7.82503479e+02, 9.61904236e+02, 7.44306274e+02,
       9.60680481e+02, 7.06224121e+02, 9.59497009e+02, 6.68278931e+02,
       9.58231445e+02, 6.30545044e+02, 9.56784058e+02, 5.92890808e+02,
       9.55456482e+02, 5.55475281e+02, 9.54005981e+02, 8.60276123e+02,
       9.25562866e+02, 8.21552490e+02, 9.24547363e+02, 7.83174011e+02,
       9.23492249e+02, 7.44729614e+02, 9.22409424e+02, 7.06590332e+02,
       9.21286194e+02, 6.68654541e+02, 9.20002502e+02, 6.30949402e+02,
       9.18677124e+02, 5.93321655e+02, 9.17451050e+02, 5.55752747e+02,
       9.16122925e+02 ]
