%YAML:1.0
---
image_points: !!opencv-matrix
   rows: 54
   cols: 2
   dt: f
   data: [ 1.52504114e+03, 3.40379913e+02, 1.48112537e+03,
       3.40856018e+02, 1.43715100e+03, 3.41531219e+02, 1.39298523e+03,
       3.42220947e+02, 1.34867932e+03, 3.42778290e+02, 1.30435596e+03,
       3.43544067e+02, 1.25986316e+03, 3.44362213e+02, 1.21520642e+03,
       3.45163116e+02, 1.17047266e+03, 3.45913391e+02, 1.51938147e+03,
       3.00650909e+02, 1.47578052e+03, 3.01362183e+02, 1.43226685e+03,
       3.01799438e+02, 1.38854907e+03, 3.02455048e+02, 1.34470935e+03,
       3.03169952e+02, 1.30073401e+03, 3.03768402e+02, 1.25677600e+03,
       3.04543243e+02, 1.21253955e+03, 3.05418945e+02, 1.16831677e+03,
       3.06278809e+02, 1.51366541e+03, 2.61692108e+02, 1.47054211e+03,
       2.62381683e+02, 1.42744788e+03, 2.62766479e+02, 1.38416187e+03,
       2.63410156e+02, 1.34070959e+03, 2.64105621e+02, 1.29729846e+03,
       2.64663666e+02, 1.25367700e+03, 2.65449188e+02, 1.20989233e+03,
       2.66311981e+02, 1.16614185e+03, 2.67157166e+02, 1.50809143e+03,
       2.23654526e+02, 1.46537976e+03, 2.24245422e+02, 1.42263110e+03,
       2.24617355e+02, 1.37975403e+03, 2.25274231e+02, 1.33682593e+03,
       2.25784790e+02, 1.29373096e+03, 2.26476761e+02, 1.25065356e+03,
       2.27222092e+02, 1.20738953e+03, 2.27896179e+02, 1.16392749e+03,
       2.28668381e+02, 1.50249036e+03, 1.86540817e+02, 1.46021680e+03,
       1.86928238e+02, 1.41788342e+03, 1.87405228e+02, 1.37550354e+03,
       1.87756561e+02, 1.33299976e+03, 1.88411804e+02, 1.29038879e+03,
       1.89012711e+02, 1.24764575e+03, 1.89630020e+02, 1.20476538e+03,
       1.90427338e+02, 1.16179480e+03, 1.91251556e+02, 1.49695764e+03,
       1.49834641e+02, 1.45511084e+03, 1.50358322e+02, 1.41326208e+03,
       1.50676880e+02, 1.37127039e+03, 1.51144836e+02, 1.32919861e+03,
       1.51567734e+02, 1.28693726e+03, 1.52230972e+02, 1.24472632e+03,
       1.52781494e+02, 1.20232031e+03, 1.53523254e+02, 1.15973499e+03,
       1.54351761e+02 ]
