%YAML:1.0
---
image_points: !!opencv-matrix
   rows: 54
   cols: 2
   dt: f
   data: [ 8.82773254e+02, 5.17735046e+02, 8.39339111e+02,
       5.20054321e+02, 7.96069275e+02, 5.22327820e+02, 7.52950073e+02,
       5.24509155e+02, 7.10130798e+02, 5.26727417e+02, 6.67419495e+02,
       5.29142639e+02, 6.25042969e+02, 5.31420715e+02, 5.82617920e+02,
       5.33640320e+02, 5.40526733e+02, 5.36015076e+02, 8.80677795e+02,
       4.74491211e+02, 8.37271912e+02, 4.76722015e+02, 7.94001465e+02,
       4.79087036e+02, 7.50885071e+02, 4.81415100e+02, 7.08105469e+02,
       4.83684906e+02, 6.65428589e+02, 4.86174774e+02, 6.23065491e+02,
       4.88503174e+02, 5.80671021e+02, 4.90891876e+02, 5.38637512e+02,
       4.93372650e+02, 8.78576294e+02, 4.31052094e+02, 8.35231079e+02,
       4.33406494e+02, 7.91963440e+02, 4.35669739e+02, 7.48890198e+02,
       4.38189941e+02, 7.06155457e+02, 4.40529816e+02, 6.63478638e+02,
       4.43008820e+02, 6.21195496e+02, 4.45469940e+02, 5.78848572e+02,
       4.47974121e+02, 5.36817993e+02, 4.50488495e+02, 8.76571167e+02,
       3.87801666e+02, 8.33212341e+02, 3.90250366e+02, 7.90023804e+02,
       3.92548584e+02, 7.47003906e+02, 3.95107727e+02, 7.04270630e+02,
       3.97539856e+02, 6.61583313e+02, 4.00074280e+02, 6.19320862e+02,
       4.02578278e+02, 5.77066833e+02, 4.05240875e+02, 5.35065735e+02,
       4.07727448e+02, 8.74525513e+02, 3.44864746e+02, 8.31188538e+02,
       3.47315887e+02, 7.88069153e+02, 3.49644165e+02, 7.45157715e+02,
       3.52199982e+02, 7.02372009e+02, 3.54651276e+02, 6.59733154e+02,
       3.57344879e+02, 6.17478760e+02, 3.59879974e+02, 5.75287354e+02,
       3.62551086e+02, 5.33316833e+02, 3.65309387e+02, 8.72510071e+02,
       3.01920471e+02, 8.29297791e+02, 3.04306305e+02, 7.86199768e+02,
       3.06717651e+02, 7.43301514e+02, 3.09316681e+02, 7.00496704e+02,
       3.11797668e+02, 6.57921021e+02, 3.14488739e+02, 6.15641968e+02,
       3.17259460e+02, 5.73497375e+02, 3.19867828e+02, 5.31513611e+02,
       3.22626617e+02 ]
