%YAML:1.0
---
image_points: !!opencv-matrix
   rows: 54
   cols: 2
   dt: f
   data: [ 1.60037573e+03, 1.09612659e+03, 1.56310193e+03,
       1.09471521e+03, 1.52577014e+03, 1.09345129e+03, 1.48851355e+03,
       1.09216931e+03, 1.45116248e+03, 1.09071790e+03, 1.41367761e+03,
       1.08939539e+03, 1.37625903e+03, 1.08802502e+03, 1.33847510e+03,
       1.08655481e+03, 1.30072705e+03, 1.08514648e+03, 1.60266736e+03,
       1.05876306e+03, 1.56538062e+03, 1.05749292e+03, 1.52818286e+03,
       1.05623645e+03, 1.49085071e+03, 1.05485938e+03, 1.45347034e+03,
       1.05353040e+03, 1.41601733e+03, 1.05226160e+03, 1.37849951e+03,
       1.05073926e+03, 1.34072302e+03, 1.04940417e+03, 1.30289172e+03,
       1.04783142e+03, 1.60492859e+03, 1.02132184e+03, 1.56763489e+03,
       1.01994366e+03, 1.53050513e+03, 1.01866516e+03, 1.49321106e+03,
       1.01741052e+03, 1.45576160e+03, 1.01609167e+03, 1.41832410e+03,
       1.01467535e+03, 1.38078638e+03, 1.01336420e+03, 1.34302075e+03,
       1.01183478e+03, 1.30523254e+03, 1.01040509e+03, 1.60712683e+03,
       9.83692200e+02, 1.56993579e+03, 9.82486389e+02, 1.53273560e+03,
       9.81189575e+02, 1.49545276e+03, 9.79806580e+02, 1.45811438e+03,
       9.78521851e+02, 1.42061182e+03, 9.77237915e+02, 1.38309631e+03,
       9.75751038e+02, 1.34532556e+03, 9.74398010e+02, 1.30742883e+03,
       9.72813599e+02, 1.60928210e+03, 9.46225098e+02, 1.57212732e+03,
       9.44853333e+02, 1.53495618e+03, 9.43586426e+02, 1.49770471e+03,
       9.42347656e+02, 1.46041016e+03, 9.41031494e+02, 1.42284473e+03,
       9.39603638e+02, 1.38539771e+03, 9.38344788e+02, 1.34753174e+03,
       9.36744690e+02, 1.30963354e+03, 9.35387329e+02, 1.61139709e+03,
       9.08409302e+02, 1.57428088e+03, 9.07171265e+02, 1.53719287e+03,
       9.05775085e+02, 1.49992004e+03, 9.04523926e+02, 1.46260742e+03,
       9.03283813e+02, 1.42518103e+03, 9.01809937e+02, 1.38756702e+03,
       9.00462036e+02, 1.34973914e+03, 8.98998352e+02, 1.31180334e+03,
       8.97514893e+02 ]
