%YAML:1.0
---
image_points: !!opencv-matrix
   rows: 54
   cols: 2
   dt: f
   data: [ 1.20181543e+03, 3.61488403e+02, 1.15533594e+03,
       3.61732300e+02, 1.10875366e+03, 3.62238953e+02, 1.06229956e+03,
       3.62526611e+02, 1.01567688e+03, 3.63082092e+02, 9.69276672e+02,
       3.63534790e+02, 9.22733398e+02, 3.64163696e+02, 8.76351685e+02,
       3.64710510e+02, 8.29806335e+02, 3.65400024e+02, 1.19945361e+03,
       3.19487305e+02, 1.15340637e+03, 3.19750702e+02, 1.10738806e+03,
       3.20173187e+02, 1.06126038e+03, 3.20488007e+02, 1.01525952e+03,
       3.20914581e+02, 9.69130493e+02, 3.21538666e+02, 9.23261719e+02,
       3.22199982e+02, 8.77175232e+02, 3.22805573e+02, 8.31343567e+02,
       3.23499512e+02, 1.19699207e+03, 2.78222412e+02, 1.15143250e+03,
       2.78482452e+02, 1.10576465e+03, 2.78681122e+02, 1.06028882e+03,
       2.79110657e+02, 1.01459534e+03, 2.79538940e+02, 9.69013733e+02,
       2.80189362e+02, 9.23530273e+02, 2.80691925e+02, 8.78046692e+02,
       2.81426422e+02, 8.32547852e+02, 2.82272339e+02, 1.19457886e+03,
       2.37827896e+02, 1.14945630e+03, 2.38098816e+02, 1.10440308e+03,
       2.38336166e+02, 1.05927502e+03, 2.38612106e+02, 1.01416461e+03,
       2.39185059e+02, 9.68861084e+02, 2.39568909e+02, 9.23923279e+02,
       2.40293091e+02, 8.78741638e+02, 2.40885590e+02, 8.33841736e+02,
       2.41566238e+02, 1.19221033e+03, 1.98506927e+02, 1.14750989e+03,
       1.98614151e+02, 1.10283569e+03, 1.98775116e+02, 1.05828638e+03,
       1.99109924e+02, 1.01352234e+03, 1.99492661e+02, 9.68821594e+02,
       1.99999847e+02, 9.24347961e+02, 2.00536133e+02, 8.79623474e+02,
       2.01278702e+02, 8.35152283e+02, 2.01952225e+02, 1.18973059e+03,
       1.59703979e+02, 1.14556165e+03, 1.59862244e+02, 1.10142676e+03,
       1.60079636e+02, 1.05726880e+03, 1.60311813e+02, 1.01302588e+03,
       1.60581360e+02, 9.68729126e+02, 1.61093948e+02, 9.24651123e+02,
       1.61591064e+02, 8.80454468e+02, 1.62283875e+02, 8.36384033e+02,
       1.62990555e+02 ]
