%YAML:1.0
---
image_points: !!opencv-matrix
   rows: 54
   cols: 2
   dt: f
   data: [ 1.32079517e+03, 3.43090118e+02, 1.27577795e+03,
       3.44603302e+02, 1.23068201e+03, 3.46339294e+02, 1.18557678e+03,
       3.47910370e+02, 1.14036328e+03, 3.49673157e+02, 1.09505737e+03,
       3.51511688e+02, 1.04974536e+03, 3.53364410e+02, 1.00434985e+03,
       3.55261078e+02, 9.58831116e+02, 3.57194275e+02, 1.31599268e+03,
       3.02600189e+02, 1.27140771e+03, 3.04266266e+02, 1.22674475e+03,
       3.05714508e+02, 1.18205725e+03, 3.07430145e+02, 1.13734229e+03,
       3.09195892e+02, 1.09245898e+03, 3.10917999e+02, 1.04766003e+03,
       3.12714874e+02, 1.00263593e+03, 3.14693787e+02, 9.57733887e+02,
       3.16584381e+02, 1.31117151e+03, 2.62843872e+02, 1.26700879e+03,
       2.64453156e+02, 1.22279138e+03, 2.65925995e+02, 1.17855920e+03,
       2.67513367e+02, 1.13432349e+03, 2.69307312e+02, 1.08984424e+03,
       2.71022858e+02, 1.04554016e+03, 2.72779572e+02, 1.00111255e+03,
       2.74662750e+02, 9.56567383e+02, 2.76672699e+02, 1.30637659e+03,
       2.24213593e+02, 1.26263013e+03, 2.25555588e+02, 1.21895288e+03,
       2.27067856e+02, 1.17520654e+03, 2.28565979e+02, 1.13135339e+03,
       2.30317734e+02, 1.08739429e+03, 2.31917084e+02, 1.04350696e+03,
       2.33670380e+02, 9.99452271e+02, 2.35554398e+02, 9.55493958e+02,
       2.37447128e+02, 1.30158582e+03, 1.86362183e+02, 1.25838037e+03,
       1.87613235e+02, 1.21516345e+03, 1.89034698e+02, 1.17174695e+03,
       1.90452957e+02, 1.12841003e+03, 1.92096558e+02, 1.08485498e+03,
       1.93674103e+02, 1.04147742e+03, 1.95435791e+02, 9.97826538e+02,
       1.97291672e+02, 9.54391357e+02, 1.99163986e+02, 1.29688403e+03,
       1.49004227e+02, 1.25415112e+03, 1.50369904e+02, 1.21134277e+03,
       1.51617874e+02, 1.16843958e+03, 1.53051712e+02, 1.12547400e+03,
       1.54520508e+02, 1.08245642e+03, 1.56190781e+02, 1.03948926e+03,
       1.57772171e+02, 9.96337830e+02, 1.59582489e+02, 9.53272766e+02,
       1.61460831e+02 ]
