%YAML:1.0
---
image_points: !!opencv-matrix
   rows: 54
   cols: 2
   dt: f
   data: [ 8.10561890e+02, 5.17902710e+02, 7.67911682e+02,
       5.22326843e+02, 7.25535950e+02, 5.26647827e+02, 6.83394409e+02,
       5.31061096e+02, 6.41441650e+02, 5.35411255e+02, 5.99664856e+02,
       5.39721558e+02, 5.58284424e+02, 5.44190063e+02, 5.16763672e+02,
       5.48508911e+02, 4.75596283e+02, 5.52851013e+02, 8.06494385e+02,
       4.75452576e+02, 7.63860657e+02, 4.79807068e+02, 7.21537964e+02,
       4.84295807e+02, 6.79397766e+02, 4.88665253e+02, 6.37472412e+02,
       4.93208313e+02, 5.95709778e+02, 4.97600647e+02, 5.54373169e+02,
       5.02091766e+02, 5.12985229e+02, 5.06533081e+02, 4.71856476e+02,
       5.10988403e+02, 8.02413269e+02, 4.32749176e+02, 7.59867249e+02,
       4.37317413e+02, 7.17543518e+02, 4.41712921e+02, 6.75473267e+02,
       4.46327484e+02, 6.33578186e+02, 4.50741455e+02, 5.91943176e+02,
       4.55370300e+02, 5.50559814e+02, 4.59816650e+02, 5.09292755e+02,
       4.64445557e+02, 4.68256500e+02, 4.68956909e+02, 7.98428772e+02,
       3.90495941e+02, 7.55889832e+02, 3.94962402e+02, 7.13659668e+02,
       3.99476654e+02, 6.71596008e+02, 4.04085571e+02, 6.29768311e+02,
       4.08613953e+02, 5.88205383e+02, 4.13246307e+02, 5.46767517e+02,
       4.17809357e+02, 5.05547211e+02, 4.22473969e+02, 4.64523987e+02,
       4.27183868e+02, 7.94453247e+02, 3.48418610e+02, 7.51971619e+02,
       3.52881012e+02, 7.09735352e+02, 3.57453857e+02, 6.67784180e+02,
       3.62030640e+02, 6.26029602e+02, 3.66637787e+02, 5.84441711e+02,
       3.71367188e+02, 5.43182922e+02, 3.76017548e+02, 5.01845337e+02,
       3.80689087e+02, 4.60873749e+02, 3.85451813e+02, 7.90484558e+02,
       3.06410431e+02, 7.48196899e+02, 3.10746948e+02, 7.06011353e+02,
       3.15450684e+02, 6.64106812e+02, 3.20064423e+02, 6.22344421e+02,
       3.24672974e+02, 5.80716980e+02, 3.29431763e+02, 5.39496216e+02,
       3.34225586e+02, 4.98296753e+02, 3.38920227e+02, 4.57297089e+02,
       3.43685516e+02 ]
