%YAML:1.0
---
image_points: !!opencv-matrix
   rows: 54
   cols: 2
   dt: f
   data: [ 1.52406885e+03, 8.09506531e+02, 1.48302612e+03,
       8.09448303e+02, 1.44209863e+03, 8.09399658e+02, 1.40111731e+03,
       8.09294250e+02, 1.36014038e+03, 8.09133362e+02, 1.31911694e+03,
       8.08874023e+02, 1.27816992e+03, 8.08688843e+02, 1.23695410e+03,
       8.08518066e+02, 1.19591943e+03, 8.08345398e+02, 1.52429114e+03,
       7.68562866e+02, 1.48330835e+03, 7.68516479e+02, 1.44236108e+03,
       7.68441284e+02, 1.40142004e+03, 7.68403137e+02, 1.36040344e+03,
       7.68320313e+02, 1.31934949e+03, 7.68206177e+02, 1.27839258e+03,
       7.67940247e+02, 1.23728198e+03, 7.67715942e+02, 1.19615710e+03,
       7.67552917e+02, 1.52446667e+03, 7.27440063e+02, 1.48345703e+03,
       7.27402100e+02, 1.44258594e+03, 7.27375610e+02, 1.40157166e+03,
       7.27317627e+02, 1.36057495e+03, 7.27232910e+02, 1.31957227e+03,
       7.27121582e+02, 1.27859314e+03, 7.26909546e+02, 1.23745361e+03,
       7.26739624e+02, 1.19637183e+03, 7.26585022e+02, 1.52448669e+03,
       6.86405640e+02, 1.48354175e+03, 6.86371765e+02, 1.44265076e+03,
       6.86322144e+02, 1.40169885e+03, 6.86277466e+02, 1.36071606e+03,
       6.86204346e+02, 1.31971545e+03, 6.86075562e+02, 1.27868774e+03,
       6.85959595e+02, 1.23760254e+03, 6.85794922e+02, 1.19649072e+03,
       6.85661865e+02, 1.52440332e+03, 6.45393250e+02, 1.48350232e+03,
       6.45378784e+02, 1.44265833e+03, 6.45340454e+02, 1.40173669e+03,
       6.45285522e+02, 1.36080469e+03, 6.45240417e+02, 1.31977136e+03,
       6.45195190e+02, 1.27885144e+03, 6.45108276e+02, 1.23769385e+03,
       6.44936279e+02, 1.19662134e+03, 6.44830261e+02, 1.52427881e+03,
       6.04240784e+02, 1.48340991e+03, 6.04231140e+02, 1.44257556e+03,
       6.04203003e+02, 1.40170239e+03, 6.04146545e+02, 1.36079651e+03,
       6.04121582e+02, 1.31982336e+03, 6.04067200e+02, 1.27886377e+03,
       6.04004333e+02, 1.23775525e+03, 6.03922241e+02, 1.19667859e+03,
       6.03853333e+02 ]
