%YAML:1.0
---
image_points: !!opencv-matrix
   rows: 54
   cols: 2
   dt: f
   data: [ 7.39387695e+02, 3.07749420e+02, 6.96271667e+02,
       3.10881561e+02, 6.53460815e+02, 3.14182800e+02, 6.10942017e+02,
       3.17354736e+02, 5.68702209e+02, 3.20517822e+02, 5.26775269e+02,
       3.23790405e+02, 4.85269745e+02, 3.27176575e+02, 4.43639038e+02,
       3.30459534e+02, 4.02448761e+02, 3.33697937e+02, 7.37905273e+02,
       2.66175690e+02, 6.95004761e+02, 2.69297363e+02, 6.52441895e+02,
       2.72538086e+02, 6.10103882e+02, 2.75703125e+02, 5.68021362e+02,
       2.79186523e+02, 5.26246155e+02, 2.82480347e+02, 4.84719116e+02,
       2.85794006e+02, 4.43387238e+02, 2.89278473e+02, 4.02324036e+02,
       2.92617065e+02, 7.36448608e+02, 2.24528641e+02, 6.93763977e+02,
       2.27847351e+02, 6.51415222e+02, 2.31168015e+02, 6.09258057e+02,
       2.34504303e+02, 5.67362061e+02, 2.37838364e+02, 5.25642883e+02,
       2.41342987e+02, 4.84397003e+02, 2.44661407e+02, 4.43155060e+02,
       2.48241119e+02, 4.02159027e+02, 2.51598053e+02, 7.35261597e+02,
       1.83686981e+02, 6.92585266e+02, 1.86957230e+02, 6.50463074e+02,
       1.90325912e+02, 6.08441833e+02, 1.93642548e+02, 5.66647278e+02,
       1.97097778e+02, 5.25196655e+02, 2.00475983e+02, 4.83873383e+02,
       2.03964310e+02, 4.42719299e+02, 2.07455124e+02, 4.01807709e+02,
       2.10916718e+02, 7.33871765e+02, 1.43394318e+02, 6.91554443e+02,
       1.46601364e+02, 6.49472839e+02, 1.49883560e+02, 6.07564026e+02,
       1.53285675e+02, 5.65992615e+02, 1.56618225e+02, 5.24585205e+02,
       1.60217499e+02, 4.83494568e+02, 1.63596924e+02, 4.42467682e+02,
       1.67168930e+02, 4.01600861e+02, 1.70624451e+02, 7.32623596e+02,
       1.03250656e+02, 6.90494812e+02, 1.06461769e+02, 6.48538574e+02,
       1.09749985e+02, 6.06781433e+02, 1.13154327e+02, 5.65416443e+02,
       1.16534874e+02, 5.24125183e+02, 1.19971016e+02, 4.83168884e+02,
       1.23512764e+02, 4.42172943e+02, 1.27014816e+02, 4.01403290e+02,
       1.30535263e+02 ]
