%YAML:1.0
---
image_points: !!opencv-matrix
   rows: 54
   cols: 2
   dt: f
   data: [ 1.68568896e+03, 1.11499402e+03, 1.64864087e+03,
       1.11159204e+03, 1.61171704e+03, 1.10831409e+03, 1.57481738e+03,
       1.10491895e+03, 1.53784070e+03, 1.10159180e+03, 1.50081348e+03,
       1.09831689e+03, 1.46379858e+03, 1.09498950e+03, 1.42656030e+03,
       1.09158911e+03, 1.38935352e+03, 1.08831836e+03, 1.68997864e+03,
       1.07807861e+03, 1.65294189e+03, 1.07466443e+03, 1.61609937e+03,
       1.07139075e+03, 1.57921692e+03, 1.06812158e+03, 1.54225952e+03,
       1.06473743e+03, 1.50519128e+03, 1.06147522e+03, 1.46816138e+03,
       1.05816895e+03, 1.43084705e+03, 1.05476904e+03, 1.39353088e+03,
       1.05139905e+03, 1.69419910e+03, 1.04082397e+03, 1.65725439e+03,
       1.03751379e+03, 1.62042432e+03, 1.03429309e+03, 1.58347583e+03,
       1.03095496e+03, 1.54653308e+03, 1.02760339e+03, 1.50951611e+03,
       1.02440747e+03, 1.47249390e+03, 1.02105359e+03, 1.43521252e+03,
       1.01766132e+03, 1.39781287e+03, 1.01432501e+03, 1.69834509e+03,
       1.00365277e+03, 1.66147815e+03, 1.00039355e+03, 1.62466125e+03,
       9.97055420e+02, 1.58776831e+03, 9.93742432e+02, 1.55083008e+03,
       9.90483826e+02, 1.51383386e+03, 9.87248535e+02, 1.47676038e+03,
       9.83874817e+02, 1.43951978e+03, 9.80511108e+02, 1.40218103e+03,
       9.77183228e+02, 1.70245313e+03, 9.66461609e+02, 1.66561121e+03,
       9.63203613e+02, 1.62888037e+03, 9.59861694e+02, 1.59207959e+03,
       9.56572388e+02, 1.55519202e+03, 9.53395386e+02, 1.51817236e+03,
       9.50068604e+02, 1.48117578e+03, 9.46730713e+02, 1.44380652e+03,
       9.43384888e+02, 1.40646582e+03, 9.40011597e+02, 1.70654932e+03,
       9.29023315e+02, 1.66972363e+03, 9.25693298e+02, 1.63308655e+03,
       9.22481079e+02, 1.59630627e+03, 9.19271301e+02, 1.55944287e+03,
       9.15956848e+02, 1.52247351e+03, 9.12615479e+02, 1.48543286e+03,
       9.09346375e+02, 1.44817993e+03, 9.05966309e+02, 1.41074146e+03,
       9.02547241e+02 ]
