%YAML:1.0
---
image_points: !!opencv-matrix
   rows: 54
   cols: 2
   dt: f
   data: [ 1.06821387e+03, 6.67085388e+02, 1.02772681e+03,
       6.68357361e+02, 9.87513000e+02, 6.69541016e+02, 9.47397705e+02,
       6.70716125e+02, 9.07300781e+02, 6.71984741e+02, 8.67264832e+02,
       6.73251953e+02, 8.27378174e+02, 6.74423645e+02, 7.87425171e+02,
       6.75518127e+02, 7.47644897e+02, 6.76649353e+02, 1.06675842e+03,
       6.26940918e+02, 1.02651978e+03, 6.28291687e+02, 9.86375977e+02,
       6.29476135e+02, 9.46232910e+02, 6.30676392e+02, 9.06152954e+02,
       6.31989380e+02, 8.66142700e+02, 6.33309143e+02, 8.26343201e+02,
       6.34477356e+02, 7.86456665e+02, 6.35668823e+02, 7.46724792e+02,
       6.36889465e+02, 1.06547388e+03, 5.86692261e+02, 1.02527979e+03,
       5.88051575e+02, 9.85141479e+02, 5.89350586e+02, 9.44984070e+02,
       5.90560913e+02, 9.04982056e+02, 5.91824402e+02, 8.65083069e+02,
       5.93244080e+02, 8.25349731e+02, 5.94463928e+02, 7.85499268e+02,
       5.95677551e+02, 7.45802185e+02, 5.97036255e+02, 1.06413037e+03,
       5.46713623e+02, 1.02384448e+03, 5.48124695e+02, 9.83806458e+02,
       5.49377075e+02, 9.43765747e+02, 5.50596985e+02, 9.03843079e+02,
       5.51945190e+02, 8.64002197e+02, 5.53327942e+02, 8.24334534e+02,
       5.54571533e+02, 7.84541870e+02, 5.55886353e+02, 7.44889526e+02,
       5.57325195e+02, 1.06263660e+03, 5.07117340e+02, 1.02254071e+03,
       5.08388092e+02, 9.82563599e+02, 5.09585693e+02, 9.42606812e+02,
       5.10865051e+02, 9.02718445e+02, 5.12280151e+02, 8.62920349e+02,
       5.13544800e+02, 8.23358276e+02, 5.14901062e+02, 7.83547607e+02,
       5.16362671e+02, 7.44080322e+02, 5.17614929e+02, 1.06133203e+03,
       4.67355408e+02, 1.02134723e+03, 4.68563599e+02, 9.81430420e+02,
       4.69802460e+02, 9.41499146e+02, 4.71215790e+02, 9.01625366e+02,
       4.72518463e+02, 8.61883911e+02, 4.73809235e+02, 8.22337219e+02,
       4.75301971e+02, 7.82611633e+02, 4.76573975e+02, 7.43213013e+02,
       4.78142395e+02 ]
