%YAML:1.0
---
image_points: !!opencv-matrix
   rows: 54
   cols: 2
   dt: f
   data: [ 1.84749463e+03, 4.57665649e+02, 1.80012952e+03,
       4.61126068e+02, 1.75310120e+03, 4.64456909e+02, 1.70635083e+03,
       4.67662170e+02, 1.65970105e+03, 4.71066742e+02, 1.61326746e+03,
       4.74380219e+02, 1.56693787e+03, 4.77593323e+02, 1.52051306e+03,
       4.80839874e+02, 1.47426367e+03, 4.84272736e+02, 1.84098303e+03,
       4.12702576e+02, 1.79375415e+03, 4.16290619e+02, 1.74700940e+03,
       4.19576294e+02, 1.70049915e+03, 4.22952209e+02, 1.65416956e+03,
       4.26397278e+02, 1.60782520e+03, 4.29670135e+02, 1.56178113e+03,
       4.33094055e+02, 1.51560559e+03, 4.36438812e+02, 1.46953223e+03,
       4.39701538e+02, 1.83440002e+03, 3.68109802e+02, 1.78744360e+03,
       3.71578064e+02, 1.74091504e+03, 3.75078888e+02, 1.69456360e+03,
       3.78488892e+02, 1.64845313e+03, 3.81891449e+02, 1.60244385e+03,
       3.85367126e+02, 1.55661035e+03, 3.88658325e+02, 1.51064929e+03,
       3.92182648e+02, 1.46480273e+03, 3.95499939e+02, 1.82770642e+03,
       3.23972809e+02, 1.78106665e+03, 3.27553101e+02, 1.73472449e+03,
       3.31074402e+02, 1.68866663e+03, 3.34532562e+02, 1.64275647e+03,
       3.37989594e+02, 1.59701794e+03, 3.41434235e+02, 1.55142053e+03,
       3.44786072e+02, 1.50569165e+03, 3.48334503e+02, 1.46016272e+03,
       3.51667023e+02, 1.82107825e+03, 2.80465271e+02, 1.77458435e+03,
       2.84133270e+02, 1.72857263e+03, 2.87599701e+02, 1.68271558e+03,
       2.91132782e+02, 1.63715710e+03, 2.94578156e+02, 1.59155469e+03,
       2.98117126e+02, 1.54629004e+03, 3.01544464e+02, 1.50076404e+03,
       3.05047150e+02, 1.45544617e+03, 3.08514740e+02, 1.81438586e+03,
       2.37209335e+02, 1.76817261e+03, 2.40852036e+02, 1.72239233e+03,
       2.44510178e+02, 1.67676208e+03, 2.48009628e+02, 1.63142883e+03,
       2.51539108e+02, 1.58614441e+03, 2.55069031e+02, 1.54102356e+03,
       2.58555023e+02, 1.49576331e+03, 2.62145447e+02, 1.45067334e+03,
       2.65593018e+02 ]
