%YAML:1.0
---
image_points: !!opencv-matrix
   rows: 54
   cols: 2
   dt: f
   data: [ 8.30053284e+02, 9.73668457e+02, 7.90088867e+02,
       9.74544861e+02, 7.50379883e+02, 9.75366211e+02, 7.10705444e+02,
       9.76045471e+02, 6.71407837e+02, 9.76620056e+02, 6.32219116e+02,
       9.77314331e+02, 5.93264893e+02, 9.77756104e+02, 5.54272400e+02,
       9.78372864e+02, 5.15488525e+02, 9.78759399e+02, 8.28848511e+02,
       9.33718994e+02, 7.88941895e+02, 9.34594299e+02, 7.49311462e+02,
       9.35443542e+02, 7.09664429e+02, 9.36254639e+02, 6.70412720e+02,
       9.36857605e+02, 6.31250549e+02, 9.37563232e+02, 5.92329041e+02,
       9.38227295e+02, 5.53413696e+02, 9.38708313e+02, 5.14669312e+02,
       9.39307129e+02, 8.27714966e+02, 8.93540649e+02, 7.87862854e+02,
       8.94485107e+02, 7.48281555e+02, 8.95398926e+02, 7.08621582e+02,
       8.96263184e+02, 6.69429077e+02, 8.96904602e+02, 6.30344116e+02,
       8.97650452e+02, 5.91429138e+02, 8.98395264e+02, 5.52556213e+02,
       8.99029419e+02, 5.13966003e+02, 8.99570984e+02, 8.26657776e+02,
       8.53494507e+02, 7.86798584e+02, 8.54481567e+02, 7.47272400e+02,
       8.55412964e+02, 7.07677185e+02, 8.56325867e+02, 6.68481934e+02,
       8.57190857e+02, 6.29402527e+02, 8.57875793e+02, 5.90517029e+02,
       8.58616333e+02, 5.51714905e+02, 8.59389526e+02, 5.13208923e+02,
       8.60072693e+02, 8.25604248e+02, 8.13517517e+02, 7.85767151e+02,
       8.14535706e+02, 7.46281128e+02, 8.15541565e+02, 7.06735168e+02,
       8.16486938e+02, 6.67538269e+02, 8.17435303e+02, 6.28480103e+02,
       8.18327576e+02, 5.89650574e+02, 8.19150940e+02, 5.50923157e+02,
       8.19827209e+02, 5.12434937e+02, 8.20604248e+02, 8.24564270e+02,
       7.73433105e+02, 7.84797546e+02, 7.74498657e+02, 7.45346130e+02,
       7.75523804e+02, 7.05858826e+02, 7.76534363e+02, 6.66642151e+02,
       7.77552917e+02, 6.27630249e+02, 7.78511414e+02, 5.88868774e+02,
       7.79453613e+02, 5.50226501e+02, 7.80332214e+02, 5.11633820e+02,
       7.81203003e+02 ]
