%YAML:1.0
---
image_points: !!opencv-matrix
   rows: 54
   cols: 2
   dt: f
   data: [ 1.21109326e+03, 8.00352295e+02, 1.16977515e+03,
       8.00387939e+02, 1.12854883e+03, 8.00386353e+02, 1.08733459e+03,
       8.00373596e+02, 1.04590259e+03, 8.00295288e+02, 1.00454382e+03,
       8.00158447e+02, 9.63305908e+02, 7.99987854e+02, 9.21685974e+02,
       7.99730469e+02, 8.80372437e+02, 7.99570801e+02, 1.21144629e+03,
       7.59290100e+02, 1.17019067e+03, 7.59320984e+02, 1.12881885e+03,
       7.59276733e+02, 1.08752490e+03, 7.59251221e+02, 1.04620056e+03,
       7.59155212e+02, 1.00465692e+03, 7.59014709e+02, 9.63400513e+02,
       7.58808105e+02, 9.21789368e+02, 7.58656433e+02, 8.80407166e+02,
       7.58483582e+02, 1.21169385e+03, 7.17778259e+02, 1.17045056e+03,
       7.17755493e+02, 1.12919092e+03, 7.17731812e+02, 1.08768030e+03,
       7.17692688e+02, 1.04637439e+03, 7.17613647e+02, 1.00483173e+03,
       7.17561401e+02, 9.63520386e+02, 7.17447815e+02, 9.21946106e+02,
       7.17325989e+02, 8.80500366e+02, 7.17110901e+02, 1.21197864e+03,
       6.76498413e+02, 1.17063403e+03, 6.76488281e+02, 1.12939771e+03,
       6.76416687e+02, 1.08789636e+03, 6.76375671e+02, 1.04651575e+03,
       6.76285034e+02, 1.00508911e+03, 6.76181946e+02, 9.63588989e+02,
       6.76048279e+02, 9.22119324e+02, 6.75797363e+02, 8.80538940e+02,
       6.75653870e+02, 1.21219446e+03, 6.35275085e+02, 1.17079529e+03,
       6.35167542e+02, 1.12953491e+03, 6.35078186e+02, 1.08817859e+03,
       6.34916016e+02, 1.04664905e+03, 6.34778503e+02, 1.00525867e+03,
       6.34680115e+02, 9.63737793e+02, 6.34606384e+02, 9.22253296e+02,
       6.34479370e+02, 8.80605530e+02, 6.34409546e+02, 1.21227551e+03,
       5.93679138e+02, 1.17099365e+03, 5.93563171e+02, 1.12965491e+03,
       5.93478027e+02, 1.08835376e+03, 5.93415161e+02, 1.04679968e+03,
       5.93345093e+02, 1.00542010e+03, 5.93231323e+02, 9.63857544e+02,
       5.93076050e+02, 9.22357605e+02, 5.92913574e+02, 8.80711487e+02,
       5.92776611e+02 ]
