%YAML:1.0
---
image_points: !!opencv-matrix
   rows: 54
   cols: 2
   dt: f
   data: [ 1.53149316e+03, 5.66088196e+02, 1.48904553e+03,
       5.66315430e+02, 1.44651685e+03, 5.66492004e+02, 1.40391724e+03,
       5.66626770e+02, 1.36121521e+03, 5.66858704e+02, 1.31832776e+03,
       5.67233215e+02, 1.27541370e+03, 5.67468018e+02, 1.23218787e+03,
       5.67659546e+02, 1.18887817e+03, 5.68040649e+02, 1.53149036e+03,
       5.23175720e+02, 1.48898706e+03, 5.23336060e+02, 1.44648938e+03,
       5.23460510e+02, 1.40378491e+03, 5.23571716e+02, 1.36109778e+03,
       5.23765930e+02, 1.31813989e+03, 5.24141479e+02, 1.27521899e+03,
       5.24365601e+02, 1.23190906e+03, 5.24562805e+02, 1.18861523e+03,
       5.24803650e+02, 1.53137415e+03, 4.79885315e+02, 1.48880664e+03,
       4.80063751e+02, 1.44638904e+03, 4.80236542e+02, 1.40361072e+03,
       4.80382629e+02, 1.36081067e+03, 4.80504883e+02, 1.31789063e+03,
       4.80662994e+02, 1.27491113e+03, 4.80909760e+02, 1.23166113e+03,
       4.81273041e+02, 1.18840625e+03, 4.81502960e+02, 1.53107898e+03,
       4.36801971e+02, 1.48858008e+03, 4.36876160e+02, 1.44610388e+03,
       4.36986511e+02, 1.40341138e+03, 4.37183075e+02, 1.36057312e+03,
       4.37323730e+02, 1.31762915e+03, 4.37444824e+02, 1.27459888e+03,
       4.37610931e+02, 1.23141833e+03, 4.37885468e+02, 1.18810291e+03,
       4.38262299e+02, 1.53065906e+03, 3.93840149e+02, 1.48820837e+03,
       3.93849487e+02, 1.44568591e+03, 3.93889069e+02, 1.40304456e+03,
       3.93980621e+02, 1.36028931e+03, 3.94161469e+02, 1.31731006e+03,
       3.94321716e+02, 1.27436658e+03, 3.94494446e+02, 1.23106689e+03,
       3.94636963e+02, 1.18768896e+03, 3.95022583e+02, 1.53024658e+03,
       3.50678711e+02, 1.48768787e+03, 3.50670654e+02, 1.44529443e+03,
       3.50672607e+02, 1.40258167e+03, 3.50686493e+02, 1.35981287e+03,
       3.50787476e+02, 1.31689771e+03, 3.50946991e+02, 1.27388013e+03,
       3.51238556e+02, 1.23064417e+03, 3.51435547e+02, 1.18740906e+03,
       3.51637054e+02 ]
