%YAML:1.0
---
image_points: !!opencv-matrix
   rows: 54
   cols: 2
   dt: f
   data: [ 1.12772827e+03, 5.10598053e+02, 1.08401050e+03,
       5.11024048e+02, 1.04034229e+03, 5.11428650e+02, 9.96585999e+02,
       5.11766846e+02, 9.52996399e+02, 5.12309998e+02, 9.09425598e+02,
       5.12655457e+02, 8.65993225e+02, 5.13287109e+02, 8.22449524e+02,
       5.13647095e+02, 7.79176331e+02, 5.14316223e+02, 1.12723608e+03,
       4.67326843e+02, 1.08347693e+03, 4.67600281e+02, 1.03978369e+03,
       4.68045471e+02, 9.96260254e+02, 4.68455139e+02, 9.52583069e+02,
       4.68897430e+02, 9.09120667e+02, 4.69446808e+02, 8.65639343e+02,
       4.69956573e+02, 8.22335571e+02, 4.70520416e+02, 7.79033142e+02,
       4.71174286e+02, 1.12653357e+03, 4.23769592e+02, 1.08288086e+03,
       4.24240967e+02, 1.03940295e+03, 4.24545471e+02, 9.95722412e+02,
       4.25063507e+02, 9.52325867e+02, 4.25526642e+02, 9.08749512e+02,
       4.26102905e+02, 8.65502808e+02, 4.26601440e+02, 8.22178955e+02,
       4.27329102e+02, 7.78906128e+02, 4.27890900e+02, 1.12585828e+03,
       3.80663544e+02, 1.08237439e+03, 3.81102997e+02, 1.03881482e+03,
       3.81428986e+02, 9.95403687e+02, 3.81852692e+02, 9.51898987e+02,
       3.82408569e+02, 9.08529175e+02, 3.82953583e+02, 8.65328796e+02,
       3.83537689e+02, 8.22044434e+02, 3.84283325e+02, 7.78789124e+02,
       3.84904266e+02, 1.12524658e+03, 3.37854950e+02, 1.08163660e+03,
       3.38270935e+02, 1.03835217e+03, 3.38536041e+02, 9.94905396e+02,
       3.39031219e+02, 9.51553345e+02, 3.39493713e+02, 9.08298157e+02,
       3.40147919e+02, 8.65194824e+02, 3.40721466e+02, 8.21833801e+02,
       3.41486267e+02, 7.78726440e+02, 3.42231445e+02, 1.12445837e+03,
       2.95142639e+02, 1.08112866e+03, 2.95436340e+02, 1.03773999e+03,
       2.95724060e+02, 9.94510132e+02, 2.96231445e+02, 9.51282715e+02,
       2.96657593e+02, 9.08053589e+02, 2.97381897e+02, 8.64847656e+02,
       2.97901489e+02, 8.21741394e+02, 2.98636597e+02, 7.78784729e+02,
       2.99558655e+02 ]
