%YAML:1.0
---
image_points: !!opencv-matrix
   rows: 54
   cols: 2
   dt: f
   data: [ 1.60950940e+03, 5.72554016e+02, 1.56775012e+03,
       5.72611877e+02, 1.52603870e+03, 5.72713013e+02, 1.48424634e+03,
       5.72843872e+02, 1.44226990e+03, 5.73065186e+02, 1.40019495e+03,
       5.73256226e+02, 1.35806482e+03, 5.73412354e+02, 1.31560571e+03,
       5.73510010e+02, 1.27321692e+03, 5.73636475e+02, 1.60971729e+03,
       5.30371216e+02, 1.56792346e+03, 5.30442505e+02, 1.52619946e+03,
       5.30464539e+02, 1.48435840e+03, 5.30541260e+02, 1.44238184e+03,
       5.30618225e+02, 1.40023706e+03, 5.30749451e+02, 1.35804382e+03,
       5.30906860e+02, 1.31561609e+03, 5.31151733e+02, 1.27311597e+03,
       5.31329590e+02, 1.60980420e+03, 4.87766174e+02, 1.56805029e+03,
       4.87791260e+02, 1.52630383e+03, 4.87858337e+02, 1.48436462e+03,
       4.87901611e+02, 1.44235547e+03, 4.88107300e+02, 1.40022229e+03,
       4.88247070e+02, 1.35799792e+03, 4.88343048e+02, 1.31551965e+03,
       4.88450134e+02, 1.27297424e+03, 4.88563385e+02, 1.60976880e+03,
       4.45421326e+02, 1.56797473e+03, 4.45432404e+02, 1.52624231e+03,
       4.45418030e+02, 1.48430090e+03, 4.45467224e+02, 1.44230090e+03,
       4.45480286e+02, 1.40011462e+03, 4.45523529e+02, 1.35781396e+03,
       4.45621582e+02, 1.31540991e+03, 4.45750214e+02, 1.27276758e+03,
       4.45956573e+02, 1.60959619e+03, 4.03079742e+02, 1.56776892e+03,
       4.03024506e+02, 1.52604907e+03, 4.02980530e+02, 1.48415552e+03,
       4.02944122e+02, 1.44211829e+03, 4.02994873e+02, 1.39985840e+03,
       4.03086090e+02, 1.35768982e+03, 4.03209991e+02, 1.31524182e+03,
       4.03326080e+02, 1.27261877e+03, 4.03468384e+02, 1.60938867e+03,
       3.60510864e+02, 1.56754004e+03, 3.60482544e+02, 1.52575427e+03,
       3.60450928e+02, 1.48385205e+03, 3.60424225e+02, 1.44179688e+03,
       3.60427917e+02, 1.39964490e+03, 3.60436066e+02, 1.35745129e+03,
       3.60506439e+02, 1.31494763e+03, 3.60564270e+02, 1.27241248e+03,
       3.60702637e+02 ]
