%YAML:1.0
---
image_points: !!opencv-matrix
   rows: 54
   cols: 2
   dt: f
   data: [ 7.77097900e+02, 7.07475281e+02, 7.33659180e+02,
       7.09447266e+02, 6.90729614e+02, 7.11392639e+02, 6.48069824e+02,
       7.13343140e+02, 6.05781006e+02, 7.15181458e+02, 5.63835449e+02,
       7.16995667e+02, 5.22328125e+02, 7.18774780e+02, 4.80829803e+02,
       7.20595947e+02, 4.39771118e+02, 7.22441833e+02, 7.74815430e+02,
       6.63686829e+02, 7.31472839e+02, 6.65772400e+02, 6.88535156e+02,
       6.67826660e+02, 6.45841248e+02, 6.69910889e+02, 6.03588196e+02,
       6.71946960e+02, 5.61609802e+02, 6.73991089e+02, 5.20080627e+02,
       6.75887390e+02, 4.78658325e+02, 6.77853210e+02, 4.37656158e+02,
       6.79740906e+02, 7.72648010e+02, 6.19746887e+02, 7.29372803e+02,
       6.22051392e+02, 6.86395874e+02, 6.24280518e+02, 6.43673401e+02,
       6.26438110e+02, 6.01456421e+02, 6.28527527e+02, 5.59499451e+02,
       6.30629883e+02, 5.17934082e+02, 6.32731873e+02, 4.76546997e+02,
       6.34868225e+02, 4.35560608e+02, 6.37025635e+02, 7.70572144e+02,
       5.76020569e+02, 7.27267761e+02, 5.78350403e+02, 6.84293091e+02,
       5.80564636e+02, 6.41607117e+02, 5.82871460e+02, 5.99384338e+02,
       5.85312378e+02, 5.57372864e+02, 5.87495361e+02, 5.15770691e+02,
       5.89709839e+02, 4.74427551e+02, 5.92042297e+02, 4.33349335e+02,
       5.94353882e+02, 7.68478638e+02, 5.32369446e+02, 7.25191650e+02,
       5.34680176e+02, 6.82243835e+02, 5.37198547e+02, 6.39583374e+02,
       5.39512146e+02, 5.97328857e+02, 5.41944824e+02, 5.55333923e+02,
       5.44421631e+02, 5.13714050e+02, 5.46763611e+02, 4.72345703e+02,
       5.49306030e+02, 4.31282135e+02, 5.51588074e+02, 7.66439880e+02,
       4.88508331e+02, 7.23208984e+02, 4.91060516e+02, 6.80267395e+02,
       4.93530853e+02, 6.37608704e+02, 4.96118622e+02, 5.95346008e+02,
       4.98588989e+02, 5.53361572e+02, 5.01236542e+02, 5.11762299e+02,
       5.03668427e+02, 4.70330597e+02, 5.06326752e+02, 4.29202118e+02,
       5.08762054e+02 ]
