%YAML:1.0
---
image_points: !!opencv-matrix
   rows: 54
   cols: 2
   dt: f
   data: [ 1.70368542e+03, 5.76773376e+02, 1.66205652e+03,
       5.77707031e+02, 1.62046082e+03, 5.78663330e+02, 1.57887109e+03,
       5.79611267e+02, 1.53734595e+03, 5.80588318e+02, 1.49567200e+03,
       5.81549377e+02, 1.45414148e+03, 5.82583801e+02, 1.41233557e+03,
       5.83541321e+02, 1.37050244e+03, 5.84557434e+02, 1.70319629e+03,
       5.35116028e+02, 1.66146399e+03, 5.36026001e+02, 1.61982239e+03,
       5.36899658e+02, 1.57831702e+03, 5.37859314e+02, 1.53665295e+03,
       5.38822205e+02, 1.49496838e+03, 5.39829346e+02, 1.45339233e+03,
       5.40794373e+02, 1.41151770e+03, 5.41824158e+02, 1.36961084e+03,
       5.42819458e+02, 1.70251685e+03, 4.93069702e+02, 1.66074292e+03,
       4.93971924e+02, 1.61921704e+03, 4.94901764e+02, 1.57752917e+03,
       4.95851868e+02, 1.53583911e+03, 4.96851685e+02, 1.49425061e+03,
       4.97825867e+02, 1.45253809e+03, 4.98821106e+02, 1.41062756e+03,
       4.99868317e+02, 1.36871240e+03, 5.00891632e+02, 1.70169250e+03,
       4.51128448e+02, 1.65996509e+03, 4.52082794e+02, 1.61837500e+03,
       4.52974548e+02, 1.57667749e+03, 4.53961151e+02, 1.53504248e+03,
       4.54931580e+02, 1.49335889e+03, 4.55903503e+02, 1.45161938e+03,
       4.56938141e+02, 1.40968555e+03, 4.57995361e+02, 1.36773999e+03,
       4.59075348e+02, 1.70077893e+03, 4.09257660e+02, 1.65904016e+03,
       4.10227539e+02, 1.61744507e+03, 4.11173676e+02, 1.57574170e+03,
       4.12108643e+02, 1.53414661e+03, 4.13129211e+02, 1.49238965e+03,
       4.14105988e+02, 1.45066052e+03, 4.15156006e+02, 1.40870984e+03,
       4.16209412e+02, 1.36673328e+03, 4.17290802e+02, 1.69977588e+03,
       3.67121399e+02, 1.65803809e+03, 3.68113159e+02, 1.61640698e+03,
       3.69082245e+02, 1.57472363e+03, 3.70040192e+02, 1.53314539e+03,
       3.71050964e+02, 1.49139807e+03, 3.72058167e+02, 1.44959485e+03,
       3.73106476e+02, 1.40765088e+03, 3.74189178e+02, 1.36570142e+03,
       3.75305145e+02 ]
