%YAML:1.0
---
image_points: !!opencv-matrix
   rows: 54
   cols: 2
   dt: f
   data: [ 7.66405579e+02, 7.77869812e+02, 7.25394165e+02,
       7.79509521e+02, 6.84641602e+02, 7.81116516e+02, 6.44242310e+02,
       7.82584717e+02, 6.03832825e+02, 7.84169739e+02, 5.63763000e+02,
       7.85560120e+02, 5.23951599e+02, 7.87072021e+02, 4.84160889e+02,
       7.88489502e+02, 4.44546844e+02, 7.89841492e+02, 7.64422058e+02,
       7.36996399e+02, 7.23433838e+02, 7.38615295e+02, 6.82654724e+02,
       7.40317627e+02, 6.42228333e+02, 7.41819885e+02, 6.01803284e+02,
       7.43476685e+02, 5.61689758e+02, 7.45055542e+02, 5.21884277e+02,
       7.46529297e+02, 4.82125458e+02, 7.48110535e+02, 4.42545654e+02,
       7.49517456e+02, 7.62492188e+02, 6.95713867e+02, 7.21519958e+02,
       6.97503479e+02, 6.80710388e+02, 6.99230957e+02, 6.40228821e+02,
       7.00810059e+02, 5.99863770e+02, 7.02492310e+02, 5.59714294e+02,
       7.04235352e+02, 5.19890625e+02, 7.05703003e+02, 4.80160004e+02,
       7.07423462e+02, 4.40564667e+02, 7.08943787e+02, 7.60615295e+02,
       6.54573303e+02, 7.19586609e+02, 6.56425659e+02, 6.78846741e+02,
       6.58207153e+02, 6.38351440e+02, 6.59830261e+02, 5.98022217e+02,
       6.61601196e+02, 5.57784668e+02, 6.63385071e+02, 5.17938293e+02,
       6.65097778e+02, 4.78224274e+02, 6.66662170e+02, 4.38555237e+02,
       6.68448242e+02, 7.58770691e+02, 6.13528259e+02, 7.17757263e+02,
       6.15396973e+02, 6.77092163e+02, 6.17233215e+02, 6.36473450e+02,
       6.18918823e+02, 5.96160278e+02, 6.20697083e+02, 5.55932678e+02,
       6.22556519e+02, 5.16083557e+02, 6.24419250e+02, 4.76285736e+02,
       6.26216675e+02, 4.36623535e+02, 6.27871155e+02, 7.57057190e+02,
       5.72305176e+02, 7.16069824e+02, 5.74157410e+02, 6.75315369e+02,
       5.76003174e+02, 6.34633545e+02, 5.77831665e+02, 5.94335571e+02,
       5.79686523e+02, 5.54163147e+02, 5.81597656e+02, 5.14282776e+02,
       5.83503479e+02, 4.74392670e+02, 5.85404297e+02, 4.34711029e+02,
       5.87320068e+02 ]
