%YAML:1.0
---
image_points: !!opencv-matrix
   rows: 54
   cols: 2
   dt: f
   data: [ 1.38601636e+03, 9.41933716e+02, 1.34721863e+03,
       9.44157410e+02, 1.30830847e+03, 9.46270081e+02, 1.26928931e+03,
       9.48332886e+02, 1.23008386e+03, 9.50347595e+02, 1.19071606e+03,
       9.52319031e+02, 1.15146069e+03, 9.54242432e+02, 1.11175562e+03,
       9.56091858e+02, 1.07221387e+03, 9.57847656e+02, 1.38488525e+03,
       9.03167786e+02, 1.34604761e+03, 9.05251709e+02, 1.30713135e+03,
       9.07303406e+02, 1.26806836e+03, 9.09345215e+02, 1.22877161e+03,
       9.11348328e+02, 1.18944727e+03, 9.13319580e+02, 1.15006775e+03,
       9.15158081e+02, 1.11043555e+03, 9.16977356e+02, 1.07064673e+03,
       9.18699829e+02, 1.38369971e+03, 8.63847717e+02, 1.34477930e+03,
       8.65897156e+02, 1.30586987e+03, 8.68006897e+02, 1.26672656e+03,
       8.69992981e+02, 1.22750647e+03, 8.71921509e+02, 1.18816968e+03,
       8.73820496e+02, 1.14863953e+03, 8.75693970e+02, 1.10893384e+03,
       8.77543091e+02, 1.06926538e+03, 8.79362854e+02, 1.38248059e+03,
       8.24616272e+02, 1.34358594e+03, 8.26669067e+02, 1.30461658e+03,
       8.28617371e+02, 1.26548511e+03, 8.30618713e+02, 1.22623865e+03,
       8.32548218e+02, 1.18672266e+03, 8.34452942e+02, 1.14729346e+03,
       8.36339844e+02, 1.10753027e+03, 8.38123474e+02, 1.06766931e+03,
       8.39775635e+02, 1.38119250e+03, 7.85440308e+02, 1.34230725e+03,
       7.87419678e+02, 1.30334412e+03, 7.89383606e+02, 1.26419507e+03,
       7.91312805e+02, 1.22478162e+03, 7.93200317e+02, 1.18537866e+03,
       7.94990540e+02, 1.14580811e+03, 7.96783386e+02, 1.10611145e+03,
       7.98574158e+02, 1.06626514e+03, 8.00414124e+02, 1.37973975e+03,
       7.45855042e+02, 1.34081335e+03, 7.47762634e+02, 1.30187744e+03,
       7.49673584e+02, 1.26269067e+03, 7.51583313e+02, 1.22343274e+03,
       7.53492432e+02, 1.18392212e+03, 7.55355957e+02, 1.14440503e+03,
       7.57153259e+02, 1.10457825e+03, 7.58825378e+02, 1.06467664e+03,
       7.60584229e+02 ]
